#Inventor V2.1 ascii

IvFichier
{
    nomRepertoireTexture "/Users/chevrier/Projets/Textures"
    visualiserTextures 1
   DEF ZONE1 IvZone
   {
      DEF MNE IvTerrain
      {
         fichier "../TableVille/tableVilleCombine.wrl"
         resx 1000
         resy 500
         autreTexture TRUE 
         DEF Veg_3 IvVegetation
         {
            translation 15.8427 12.1218 52.437
            largeur 0.4
            hauteur 1.3999
            couleur 0.5 0.5 0.0
            points [0 0 0, -0.108953 0 0.920055, -0.302649 0 2.0338, -0.641616 0 3.41388, -0.883735 0 4.63658, -1.07743 0 5.73822, -1.39219 0 6.79144, -1.64641 0 7.66307]
            pointsMonde [15.8427 12.122 52.4371, 15.7338 12.122 53.3571, 15.5401 12.122 54.4709, 15.2011 12.122 55.8509, 14.959 12.122 57.0736, 14.7653 12.122 58.1753, 14.4505 12.122 59.2285, 14.1963 12.122 60.1001]
            typeVegetation 3
            intervalleX 0.5
            intervalleZ 0.5
            aleat 0.1
            nbX 0
            nbZ 0
         }
         DEF Veg_1 IvVegetation
         {
            translation 13.1496 12.1301 61.5601
            largeur 0.4
            hauteur 1.3999
            couleur 0.5 0.5 0.0
            points [0 0 0, -0.191555 0.00189972 0.44696, -0.702368 0.128336 1.14933, -1.1174 0.143457 1.94748, -1.43666 0.12013 2.61792, -1.69207 0.0609999 3.25644, -2.13903 0.146889 3.99073, -2.55407 0.182882 4.75695, -2.90525 0.166395 5.42739]
            pointsMonde [13.1496 12.1301 61.5603, 12.9581 12.132 62.0073, 12.4472 12.2584 62.7097, 12.0322 12.2736 63.5078, 11.713 12.2502 64.1782, 11.4575 12.1911 64.8168, 11.0106 12.277 65.551, 10.5955 12.313 66.3173, 10.2444 12.2965 66.9877]
            typeVegetation 3
            intervalleX 0.5
            intervalleZ 0.5
            aleat 0.1
            nbX 0
            nbZ 0
         }
         DEF Veg_2 IvVegetation
         {
            translation 7.8673 12.2124 70.8479
            largeur 0.4
            hauteur 1.3999
            couleur 0.5 0.5 0.0
            points [0 0 0, -0.295403 -0.0133677 0.454468, -0.681702 0.286058 0.908936, -1.04528 0.291844 1.43157, -1.43157 0.160387 2.02238, -1.81787 0.028903 2.61319, -2.20417 0.161653 3.13583, -2.56774 0.255496 3.63574, -2.89708 0.0912333 4.1529, -3.3628 -0.0141821 4.85148, -3.86178 0.195226 5.51678, -4.31087 0.125807 6.1821, -4.71005 0.164391 6.74761, -5.20904 0.244843 7.44619, -5.72465 0.224843 8.19466, -6.19037 0.370281 8.81008, -6.58956 0.0290918 9.49202, -7.07191 0.0810747 10.174, -7.63742 0.210947 10.9557, -8.08651 0.205989 11.6044, -8.51896 0.172561 12.2364, -8.95141 0.0747004 12.8851, -9.4504 0.0906906 13.6003, -9.86622 0.113995 14.1825, -10.282 -0.0892353 14.8478, -10.7478 0.0609331 15.4632, -11.2301 0.0343037 16.1618, -11.7125 0.025877 16.8437, -12.1782 -0.0262003 17.5423, -12.6938 -0.00193405 18.2409, -13.1096 -0.0176497 18.8396, -13.4423 -0.0776272 19.505, -13.5421 -0.0688734 20.1869, -13.6086 -0.0457449 21.0684, -13.6357 -0.071434 21.8336, -13.6856 -0.0673771 22.6486, -13.7355 -0.0604467 23.4303, -13.7687 -0.0711517 24.1289, -13.8186 -0.0584745 24.8441, -13.8852 -0.0238504 25.5926, -13.8852 -0.0928154 26.3909, -13.9351 -0.0844479 27.1561, -13.985 -0.0760813 27.9212, -14.0349 -0.0677137 28.6863, -14.0848 -0.057909 29.4347, -14.1513 -0.0232859 30.1832, -14.1679 -0.0588112 30.8818, -14.2344 -0.0197506 31.5637, -14.2511 -0.0622082 32.3288, -14.3176 -0.0404129 33.094, -14.3509 -0.0557365 33.7593, -14.4174 -0.0464706 34.3913, -14.5671 -0.0607052 35.2063, -14.8166 -0.0760984 35.9215, -15.1493 -0.07164 36.6201, -15.4819 -0.0319309 37.169, -15.931 -0.0694914 37.668]
            pointsMonde [7.86739 12.2126 70.8483, 7.57199 12.1992 71.3028, 7.18569 12.4986 71.7573, 6.82211 12.5044 72.2799, 6.43582 12.373 72.8707, 6.04952 12.2415 73.4615, 5.66322 12.3742 73.9841, 5.29965 12.4681 74.4841, 4.97031 12.3038 75.0012, 4.50459 12.1984 75.6998, 4.00561 12.4078 76.3651, 3.55652 12.3384 77.0304, 3.15734 12.377 77.5959, 2.65835 12.4574 78.2945, 2.14274 12.4374 79.043, 1.67702 12.5829 79.6584, 1.27783 12.2417 80.3403, 0.79548 12.2937 81.0223, 0.229965 12.4235 81.804, -0.21912 12.4186 82.4527, -0.651572 12.3851 83.0848, -1.08402 12.2873 83.7334, -1.58301 12.3033 84.4486, -1.99883 12.3266 85.0308, -2.41465 12.1233 85.6961, -2.88037 12.2735 86.3115, -3.36272 12.2469 87.0101, -3.84507 12.2385 87.692, -4.31079 12.1864 88.3906, -4.8264 12.2106 89.0892, -5.24222 12.1949 89.688, -5.57488 12.1349 90.3533, -5.67467 12.1437 91.0352, -5.7412 12.1668 91.9168, -5.76828 12.1411 92.6819, -5.81818 12.1452 93.4969, -5.86808 12.1521 94.2786, -5.90134 12.1414 94.9772, -5.95124 12.1541 95.6924, -6.01777 12.1887 96.4409, -6.01777 12.1198 97.2393, -6.06767 12.1281 98.0044, -6.11757 12.1365 98.7695, -6.16747 12.1449 99.5346, -6.21737 12.1547 100.283, -6.2839 12.1893 101.032, -6.30053 12.1538 101.73, -6.36706 12.1928 102.412, -6.38369 12.1504 103.177, -6.45022 12.1722 103.942, -6.48349 12.1568 104.608, -6.55002 12.1661 105.24, -6.69972 12.1519 106.055, -6.94921 12.1365 106.77, -7.28186 12.1409 107.468, -7.61452 12.1806 108.017, -8.0636 12.1431 108.516]
            typeVegetation 3
            intervalleX 0.5
            intervalleZ 0.5
            aleat 0.1
            nbX 0
            nbZ 0
         }
         DEF Veg_4 IvVegetation
         {
            translation 22.5072 13.3584 52.8418
            largeur 0.4
            hauteur 1.3999
            couleur 0.5 0.3 0.0
            points [0 0 0, -0.121817 0.00599289 0.998898, -0.414177 0.013092 2.16834, -0.706537 0.0219831 3.43523, -1.04762 0.0326176 5.06758, -0.779627 0.0306835 6.16393, 0.170544 0.0151567 6.77301, 1.14508 -0.000792503 7.40646, 1.94907 -0.0136576 8.13736, 1.80289 -0.00985432 9.06316, 1.36435 -0.00432396 10.0864, 0.974535 0.00193977 11.134, 0.487268 0.00792694 12.2548, 0.048727 0.0120306 13.1318, -0.267996 0.017848 14.0577, -0.682173 0.0214672 15.0322, -1.07199 0.0216866 15.9093, -1.36435 0.0248289 16.9082, -1.77852 0.0243702 17.7609, -2.21706 0.0257874 18.8816, -2.85051 0.0282698 20.5627, -2.84071 0.0285263 20.6114, -3.57161 0.0178738 22.0488, -3.9127 0.0137415 22.9016, -4.15633 0.0107737 23.6325, -4.59487 0.00548077 24.5826, -4.93596 0.00134563 25.4597, -5.42323 -0.00266075 26.483, -5.71559 -0.00411034 27.1651, -6.1054 -0.00612259 28.1397, -6.42212 -0.00777149 28.9437, -6.81194 -0.00987339 29.9913, -7.20175 -0.0308514 30.9171, -8.20065 -0.0926514 31.6236, -9.17518 -0.117406 32.0865, -9.93044 -0.0570688 31.916, -10.8075 0.00100994 31.6967, -11.5872 0.0516014 31.4774, -12.513 0.11239 31.2338, -13.122 0.144798 31.3556, -13.5849 0.144436 31.916, -13.9991 0.143753 32.3789, -14.4377 0.145264 32.9393, -14.9737 0.142376 33.4752, -15.5584 0.143099 34.1818, -16.1675 0.142917 34.8883, -16.7522 0.14364 35.5949, -17.3125 0.144493 36.277, -17.7024 0.148589 36.8617, -18.3602 0.145046 37.5196, -18.7987 0.146556 38.0799, -19.2616 0.146386 38.6159, -19.5783 0.14395 39.1275, -18.9692 0.060051 39.8828, -18.5794 0.0681944 41.0279, -19.0703 0.119745 41.6613, -18.5586 0.110343 42.6359, -18.0714 0.101404 43.586, -17.6572 0.0939465 44.5849, -17.0237 0.0815802 44.8042, -16.439 0.0705709 45.5595]
            pointsMonde [22.5073 13.3588 52.842, 22.3855 13.3648 53.8409, 22.0931 13.3719 55.0103, 21.8008 13.3808 56.2772, 21.4597 13.3914 57.9095, 21.7277 13.3895 59.0059, 22.6779 13.374 59.615, 23.6524 13.358 60.2484, 24.4564 13.3451 60.9793, 24.3102 13.3489 61.9051, 23.8717 13.3545 62.9284, 23.4818 13.3607 63.976, 22.9946 13.3667 65.0967, 22.556 13.3708 65.9738, 22.2393 13.3766 66.8996, 21.8251 13.3803 67.8742, 21.4353 13.3805 68.7512, 21.143 13.3836 69.7501, 20.7288 13.3832 70.6029, 20.2903 13.3846 71.7236, 19.6568 13.3871 73.4046, 19.6666 13.3873 73.4534, 18.9357 13.3767 74.8908, 18.5946 13.3725 75.7435, 18.351 13.3696 76.4744, 17.9124 13.3643 77.4246, 17.5714 13.3601 78.3017, 17.0841 13.3561 79.3249, 16.7917 13.3547 80.0071, 16.4019 13.3527 80.9816, 16.0852 13.351 81.7856, 15.6954 13.3489 82.8333, 15.3056 13.3279 83.7591, 14.3067 13.2661 84.4656, 13.3321 13.2414 84.9285, 12.5769 13.3017 84.758, 11.6998 13.3598 84.5387, 10.9202 13.4104 84.3194, 9.99435 13.4712 84.0758, 9.38527 13.5036 84.1976, 8.92237 13.5032 84.758, 8.50819 13.5025 85.2209, 8.06965 13.5041 85.7812, 7.53366 13.5012 86.3172, 6.94894 13.5019 87.0238, 6.33985 13.5017 87.7303, 5.75513 13.5024 88.4368, 5.19477 13.5033 89.119, 4.80496 13.5074 89.7037, 4.14715 13.5038 90.3615, 3.70861 13.5053 90.9219, 3.24571 13.5052 91.4579, 2.92898 13.5027 91.9695, 3.53807 13.4188 92.7248, 3.92788 13.427 93.8699, 3.43706 13.4785 94.5033, 3.94869 13.4691 95.4778, 4.43596 13.4602 96.428, 4.85014 13.4527 97.4269, 5.48359 13.4404 97.6462, 6.0683 13.4294 98.4014]
            typeVegetation 5
            intervalleX 0.5
            intervalleZ 0.5
            aleat 0.1
            nbX 0
            nbZ 0
         }
         DEF Veg_5 IvVegetation
         {
            translation 14.6471 13.0312 52.165
            largeur 0.4
            hauteur 1.3999
            couleur 0.5 0.4 0.0
            points [0 0 0, -0.198097 0.0275717 0.485336, -0.455623 0.0617533 0.980579, -0.297146 0.050746 1.68382, -0.683434 0.104811 2.4663, -0.544766 0.0645819 3.16955, -1.01029 0.15316 3.83318, -0.851817 0.0989609 4.47699, -1.13906 0.160092 5.19014, -1.07963 0.124157 5.87357, -1.2282 0.154301 6.48767, -0.723054 0.167277 0.0495224, -0.871627 0.161719 1.55506]
            pointsMonde [14.6474 13.0312 52.165, 14.4493 13.0588 52.6504, 14.1918 13.093 53.1456, 14.3502 13.082 53.8489, 13.9639 13.136 54.6313, 14.1026 13.0958 55.3346, 13.6371 13.1844 55.9982, 13.7956 13.1302 56.642, 13.5083 13.1913 57.3552, 13.5677 13.1554 58.0386, 13.4192 13.1855 58.6527, 13.9243 13.1985 52.2146, 13.7757 13.1929 53.7201]
            typeVegetation 4
            intervalleX 0.5
            intervalleZ 0.5
            aleat 0.1
            nbX 0
            nbZ 0
         }
         DEF Veg_6 IvVegetation
         {
            translation 11.7665 12.3816 52.2136
            largeur 0.4
            hauteur 1.3999
            couleur 0.5 0.5 0.0
            points [0 0 0, 0.0173407 0.0596638 1.30056, 0.0346813 0.122763 2.46239, 0.0173407 0.152252 3.71092]
            pointsMonde [11.7667 12.3818 52.2139, 11.784 12.4415 53.5144, 11.8013 12.5046 54.6763, 11.784 12.5341 55.9248]
            typeVegetation 3
            intervalleX 0.5
            intervalleZ 0.5
            aleat 0.1
            nbX 0
            nbZ 0
         }
         DEF Veg_7 IvVegetation
         {
            translation 9.0177 12.14 51.9673
            largeur 0.4
            hauteur 1.3999
            couleur 0.5 0.4 0.0
            points [0 0 0, -0.133286 0 1.26622, -0.249912 0 3.04892, -0.283234 0.00128651 4.51507, -0.483163 0.0295658 6.13116, -0.549807 0.0464392 7.61398, -0.683092 0.0596199 8.71358, -0.766397 0.0661001 9.79654, -0.8497 0.0733624 10.6462, -0.883021 0.0699854 11.8625, -0.949665 0.06248 13.0787, -1.11627 0.0540705 14.4449, -1.04963 0.0509996 15.2779, -0.266573 0.0509996 15.8611, 0.516484 0.0436783 15.7111, 0.749735 0.301447 14.4616, 1.14959 0.266774 13.7451, 1.08295 0.212642 12.6622, 0.916343 0.170508 11.7625, 0.982985 0.137687 11.1294, 1.26622 0.0936117 10.3797, 1.34952 0.0572443 9.69657, 1.56611 0.0132151 8.93018]
            pointsMonde [9.01771 12.14 51.9674, 8.88442 12.14 53.2336, 8.7678 12.14 55.0163, 8.73448 12.1413 56.4824, 8.53455 12.1696 58.0985, 8.4679 12.1864 59.5813, 8.33462 12.1996 60.681, 8.25131 12.2061 61.7639, 8.16801 12.2134 62.6136, 8.13469 12.21 63.8298, 8.06804 12.2025 65.0461, 7.90144 12.1941 66.4123, 7.96808 12.191 67.2453, 8.75114 12.191 67.8284, 9.53419 12.1837 67.6785, 9.76744 12.4414 66.4289, 10.1673 12.4068 65.7125, 10.1007 12.3526 64.6296, 9.93405 12.3105 63.7299, 10.0007 12.2777 63.0968, 10.2839 12.2336 62.347, 10.3672 12.1972 61.6639, 10.5838 12.1532 60.8975]
            typeVegetation 4
            intervalleX 0.5
            intervalleZ 0.5
            aleat 0.1
            nbX 0
            nbZ 0
         }
         DEF Veg_8 IvVegetation
         {
            translation 29.6781 13.2728 53.4233
            largeur 0.4
            hauteur 1.3999
            couleur 0.5 0.3 0.0
            points [0 0 0, -0.344547 0.0137987 0.723553, -0.700581 0.0251207 1.49304, -1.12552 0.0272322 2.43481, -1.45859 0.000396729 3.10093, -1.19443 0.0669746 0.941765, -1.80313 0.0651369 1.78017, -1.95244 0.0695639 0.539795, -2.35441 0.069706 1.15998, -2.65302 0.0711737 -0.149303, -3.19281 0.0715733 0.654644, -3.66369 0.072403 1.64235, -4.24942 0.07512 2.19362, -4.99594 0.0788374 1.6768, -6.04107 0.0845833 1.07959, -6.79908 0.0885391 0.597218, -6.79908 0.0827351 -0.677608]
            pointsMonde [29.6783 13.2731 53.4234, 29.3337 13.2869 54.1469, 28.9777 13.2982 54.9164, 28.5528 13.3003 55.8582, 28.2197 13.2735 56.5243, 28.4839 13.3401 54.3652, 27.8751 13.3382 55.2036, 27.7258 13.3427 53.9632, 27.3239 13.3428 54.5834, 27.0253 13.3443 53.2741, 26.4855 13.3447 54.078, 26.0146 13.3455 55.0657, 25.4289 13.3482 55.617, 24.6823 13.3519 55.1002, 23.6372 13.3577 54.503, 22.8792 13.3616 54.0206, 22.8792 13.3558 52.7458]
            typeVegetation 5
            intervalleX 0.5
            intervalleZ 0.5
            aleat 0.1
            nbX 0
            nbZ 0
         }
         DEF Veg_9 IvVegetation
         {
            translation 7.3246 13.0059 51.5427
            largeur 0.5
            hauteur 0.6
            couleur 0.6 0.0 0.0
            points [0 0 0, -0.0280952 0 0.955246, -0.159207 0 2.16335, -0.196668 0.00552273 3.4651, -0.36524 0.0314837 4.6732, -0.421431 0.0517006 5.61908, -0.561908 0.0742311 6.66797, -0.655559 0.0992861 7.83862, -1.47033 0.278251 7.68877, -2.31319 0.194331 7.44528, -3.24033 0.0901089 7.24861, -4.11129 0.0131283 6.96766, -5.03844 0.020483 6.73353, -6.00305 0.14367 6.46194, -1.26429 0.237298 6.63988, -2.24763 0.136531 6.40575, -3.0624 0.0238438 6.10607, -3.84907 -0.0443459 5.87194, -4.57955 -0.0257006 5.70337, -5.56289 0.100524 5.36622, -5.05717 0.0455914 4.60765, -4.09256 -0.0767927 4.80431, -3.39018 -0.0682945 5.0759, -2.50985 0.0220642 5.18828, -1.3954 0.162589 5.51606, -1.18001 0.115608 4.34542, -2.10715 0.011384 4.15812, -2.80017 -0.0944729 3.99891, -3.6805 -0.117138 3.77415, -4.56082 0.0174332 3.56812, -4.14875 0.0226412 2.54732, -3.20287 -0.153058 2.847, -2.33192 -0.0904188 3.01557, -1.22683 0.0524988 3.29653, -1.03953 0.0557489 2.36002, -2.0416 -0.0627193 2.09779, -2.79081 -0.163172 1.89176, -3.66177 0.00896931 1.62017, -3.45573 -0.0295248 0.73048, -2.39747 -0.117005 1.01144, -1.59207 -0.0281868 1.16128, -0.608733 0.0847778 1.22683, -0.636828 0.0781488 0.168575, -1.51715 -0.00491428 0.0468254, -2.37874 -0.086565 -0.0280952, -3.2216 -0.0427761 -0.159206]
            pointsMonde [7.32471 13.006 51.5428, 7.29661 13.006 52.498, 7.1655 13.006 53.7061, 7.12804 13.0115 55.0079, 6.95947 13.0375 56.216, 6.90327 13.0577 57.1619, 6.7628 13.0802 58.2108, 6.66915 13.1053 59.3814, 5.85438 13.2843 59.2316, 5.01152 13.2003 58.9881, 4.08437 13.0961 58.7914, 3.21341 13.0191 58.5105, 2.28627 13.0265 58.2763, 1.32166 13.1497 58.0047, 6.06041 13.2433 58.1827, 5.07707 13.1425 57.9485, 4.26231 13.0298 57.6489, 3.47564 12.9617 57.4147, 2.74516 12.9803 57.2462, 1.76182 13.1065 56.909, 2.26754 13.0516 56.1504, 3.23214 12.9292 56.3471, 3.93453 12.9377 56.6187, 4.81485 13.0281 56.7311, 5.9293 13.1686 57.0589, 6.1447 13.1216 55.8882, 5.21755 13.0174 55.7009, 4.52453 12.9115 55.5417, 3.64421 12.8889 55.3169, 2.76389 13.0234 55.1109, 3.17595 13.0286 54.0901, 4.12183 12.8529 54.3898, 4.99279 12.9156 54.5584, 6.09787 13.0585 54.8393, 6.28518 13.0617 53.9028, 5.28311 12.9433 53.6406, 4.5339 12.8428 53.4346, 3.66294 13.015 53.163, 3.86897 12.9765 52.2733, 4.92723 12.889 52.5542, 5.73263 12.9778 52.7041, 6.71597 13.0908 52.7696, 6.68788 13.0841 51.7114, 5.80755 13.0011 51.5896, 4.94596 12.9194 51.5147, 4.1031 12.9632 51.3836]
            typeVegetation 0
            intervalleX 0.5
            intervalleZ 0.5
            aleat 0.1
            nbX 0
            nbZ 0
         }
         DEF Veg_10 IvVegetation
         {
            translation 8.1786 12.7538 51.8092
            largeur 0.5
            hauteur 0.6
            couleur 0.5 0.0 0.0
            points [0 0 0, -0.0340204 0 0.816498, -0.0680418 0 1.85413, -0.102062 0 2.97681, -0.238145 0.00608158 4.01443, -0.374227 0.0126352 5.12011, -0.51031 0.0198507 5.97062, -0.629382 0.050662 6.97423, -0.680413 0.0581694 8.01186, -0.731443 0.0667925 8.93041, -0.884536 0.110055 9.83196, -0.986598 0.141362 10.7165, -1.17371 0.177605 11.482, -1.71804 0.168093 11.8222, -2.51753 0.206204 11.8902, -3.16392 0.274141 11.8392, -3.45309 0.278025 12.5196, -3.77629 0.27669 13.217, -4.08247 0.275427 13.8804, -4.35464 0.274372 14.5438, -4.6268 0.273178 15.0541, -3.65722 0.279217 15.6835, -2.95979 0.268025 16.4149, -2.53454 0.253663 17.0103, -1.93918 0.236166 17.7247, -1.44588 0.220102 18.3881, -0.986598 0.205262 19.0005, -2.21524 0.201 20.1742, -2.60647 0.201528 20.8036, -3.06575 0.20225 21.416, -3.61008 0.203161 22.1644, -4.03534 0.204026 22.8108, -4.54565 0.203327 23.4062, -5.03895 0.200945 24.1036, -5.65132 0.194373 24.9031, -6.16163 0.18967 25.5835, -6.68895 0.191923 26.417, -7.25029 0.189532 27.2165, -7.79462 0.187609 27.999, -8.30493 0.181049 28.6454, -8.84926 0.176341 29.3768, -9.34256 0.175816 30.1083, -9.78483 0.177616 30.8057, -10.3292 0.172908 31.5371, -10.8441 0.17061 32.2686, -11.4564 0.165894 33.1021, -12.0348 0.163037 33.9186, -12.5791 0.161113 34.701, -13.0894 0.160121 35.4495, -13.6338 0.157269 36.215, -14.2291 0.153947 37.0485, -14.8415 0.142796 37.8479, -15.0626 0.127198 38.8856, -15.1647 0.113467 39.8892, -15.2668 0.121264 41.0289, -15.3178 0.125779 42.1005, -15.4369 0.13456 43.1722, -15.5219 0.141228 44.2608, -15.59 0.146621 45.1794, -15.6122 0.149289 46.217, -15.7143 0.157044 47.3227, -15.7653 0.1616 48.4284, -15.8844 0.17036 49.483, -15.9184 0.173662 50.4356, -16.0034 0.180205 51.4222, -16.0545 0.149252 52.2046, -16.5478 0.152801 52.5959, -17.2282 0.0656872 53.0722]
            pointsMonde [8.17867 12.754 51.8095, 8.14465 12.754 52.626, 8.11063 12.754 53.6636, 8.07661 12.754 54.7863, 7.94053 12.7601 55.8239, 7.80444 12.7666 56.9296, 7.66836 12.7739 57.7801, 7.54929 12.8047 58.7837, 7.49826 12.8122 59.8213, 7.44723 12.8208 60.7399, 7.29413 12.8641 61.6414, 7.19207 12.8954 62.526, 7.00496 12.9316 63.2914, 6.46063 12.9221 63.6317, 5.66114 12.9602 63.6997, 5.01475 13.0281 63.6487, 4.72558 13.032 64.3291, 4.40238 13.0307 65.0265, 4.0962 13.0294 65.6899, 3.82403 13.0284 66.3533, 3.55187 13.0272 66.8636, 4.52145 13.0332 67.493, 5.21888 13.022 68.2244, 5.64413 13.0077 68.8198, 6.23949 12.9902 69.5342, 6.73279 12.9741 70.1976, 7.19207 12.9593 70.81, 5.96343 12.955 71.9837, 5.5722 12.9555 72.6131, 5.11292 12.9562 73.2255, 4.56859 12.9572 73.9739, 4.14333 12.958 74.6203, 3.63302 12.9573 75.2157, 3.13972 12.9549 75.9131, 2.52735 12.9484 76.7126, 2.01704 12.9437 77.393, 1.48972 12.9459 78.2265, 0.928381 12.9435 79.026, 0.384051 12.9416 79.8085, -0.126258 12.935 80.4549, -0.670588 12.9303 81.1863, -1.16389 12.9298 81.9177, -1.60616 12.9316 82.6152, -2.15049 12.9269 83.3466, -2.66541 12.9246 84.0781, -3.27778 12.9199 84.9116, -3.85613 12.917 85.7281, -4.40046 12.9151 86.5105, -4.91077 12.9141 87.259, -5.4551 12.9113 88.0244, -6.05046 12.9079 88.8579, -6.66283 12.8968 89.6574, -6.88396 12.8812 90.6951, -6.98603 12.8675 91.6987, -7.08809 12.8753 92.8384, -7.13912 12.8798 93.91, -7.25819 12.8886 94.9817, -7.34324 12.8952 96.0703, -7.41128 12.9006 96.9889, -7.43353 12.9033 98.0265, -7.53559 12.911 99.1322, -7.58662 12.9156 100.238, -7.70569 12.9244 101.292, -7.73971 12.9277 102.245, -7.82476 12.9342 103.232, -7.87579 12.9033 104.014, -8.36909 12.9068 104.405, -9.04951 12.8197 104.882]
            typeVegetation 2
            intervalleX 0.5
            intervalleZ 0.5
            aleat 0.1
            nbX 0
            nbZ 0
         }
         DEF Veg_12 IvVegetation
         {
            translation 6.3083 13.2479 60.0325
            largeur 0.5
            hauteur 0.6
            couleur 0.6 0.0 0.0
            points [0 0 0, -0.637544 0.0572147 -0.143124, -1.57434 -0.0271196 -0.130112, -2.5762 -0.114413 -0.351299, -3.53902 -0.198739 -0.650555, -4.50184 -0.170855 -0.897766, -5.63381 -0.0779114 -1.13197, -5.99812 -0.0825558 -0.143124, -5.03529 -0.117439 0.325275, -4.03344 -0.154194 0.481411, -3.17471 -0.0803299 0.728619, -2.42006 -0.0222626 0.845718, -1.61338 0.0454817 1.0539, -0.507433 0.0683203 1.39219, -0.650555 0.09167 2.13382, -1.41821 0.131908 2.08178, -2.40705 0.0443916 1.80854, -3.43493 -0.0433617 1.5223, -4.34571 -0.1189 1.30111, -5.15239 -0.110364 1.02787, -6.2193 -0.0880823 0.728619, -6.42748 -0.0936651 1.58735, -5.32154 -0.113914 2.02973, -4.59292 -0.0583639 2.43307, -3.69515 0.0172653 2.55017, -2.90147 0.101041 3.07062, -2.95352 0.123213 3.83827, -3.7472 0.0533352 3.68214, -4.71002 -0.0338717 3.42192, -5.71187 -0.0870972 3.03159, -6.67469 -0.0908861 2.74534, -7.13008 -0.082346 3.46095, -6.36243 -0.061306 3.89032, -5.68585 -0.0275564 4.25463, -5.13938 -5.53131e-05 4.55388, -4.15054 0.0661974 5.00927, -3.513 0.130097 5.36057, -3.95537 0.125915 6.28436, -4.76206 0.0829401 6.08919, -5.67284 0.0423288 5.69886, -6.34942 0.0148458 5.46466, -7.09105 -0.0141935 5.23046, -7.91075 -0.0482368 4.9312, -8.24904 -0.0384836 5.7379, -7.40331 -0.00020504 6.06317, -6.47953 0.0434408 6.24533, -5.54273 0.0849724 6.6877, -4.60593 0.12493 6.99997, -4.59292 0.125463 7.71558, -5.56875 0.0767393 7.71558, -6.59663 0.018734 7.75461, -7.35127 -0.0195055 7.6245, -8.23602 -0.0575285 7.37729, -8.71744 -0.105311 8.19699, -7.70257 -0.0720167 8.34011, -6.8048 -0.0393219 8.37915, -5.71187 0.0249348 8.4442, -4.74905 0.0772409 8.5613, -3.90333 0.123097 8.66539, -3.46095 0.0957785 9.43305, -4.34571 0.0381021 9.45906, -5.55574 -0.0218048 9.45906, -6.70072 -0.0620785 9.40702, -7.45536 -0.0897951 9.42003, -8.34011 -0.122557 9.44606, -9.04271 -0.148383 9.45906, -9.059 -0.17082 10.3409, -8.08845 -0.139162 10.4852, -7.22282 -0.10579 10.4065, -6.51457 -0.0804052 10.4196, -5.37352 -0.0363855 10.3147, -4.37673 0.00109863 10.2622, -3.0914 0.0622721 10.2229, -2.5012 0.0419483 11.0229, -3.53733 0.0101261 11.1279, -4.38985 -0.0217953 11.1672, -5.49156 -0.0634127 11.2328, -6.50146 -0.101805 11.3771, -7.6294 -0.139661 11.3771, -9.01966 -0.186905 11.4557, -9.4787 -0.209034 12.3607, -8.25895 -0.168291 12.387, -7.27528 -0.135666 12.4394, -6.3703 -0.104709 12.3607, -5.37352 -0.0696955 12.1509, -4.31115 -0.0333576 12.0591, -3.43241 -0.00386524 12.0591, -2.39627 0.0310068 12.0459, -2.98647 0.0226049 12.964, -4.42919 -0.0387411 13.0296, -5.47844 -0.0802307 13.0952, -6.51457 -0.115493 13.1608, -7.6294 -0.153104 13.187, -8.4688 -0.181763 13.2526, -9.40001 -0.213407 13.305, -10.3706 -0.250753 13.9477, -9.29508 -0.215827 14.1051, -8.10156 -0.16994 14.1313, -7.17036 -0.129438 14.1445, -6.31784 -0.0939541 14.092, -5.42598 -0.0580692 13.9871, -4.42919 -0.0187836 13.8297, -3.57668 0.0349464 14.21, -4.14065 0.0356426 15.0625, -5.04563 -0.0137386 14.892, -5.96372 -0.0603104 14.8265, -6.96051 -0.104815 14.774, -8.08845 -0.15348 14.774, -9.04589 -0.190248 14.9576, -10.2656 -0.24255 14.9707, -10.9608 -0.264432 15.2986, -11.4198 -0.262829 16.1642, -10.4361 -0.222335 16.0856, -9.3082 -0.174318 16.0593, -8.19337 -0.134328 15.7314, -7.19659 -0.0915461 15.6921, -6.08176 -0.0423441 15.5478, -5.1899 0.00166702 15.574, -4.57346 0.0340738 15.6527, -5.16367 0.0309181 16.4266, -6.0293 -0.00967121 16.4659, -7.10478 -0.0582609 16.5708, -8.03599 -0.0985794 16.7151, -9.1377 -0.149121 16.7807, -10.2132 -0.193902 16.8463, -11.0395 -0.229227 16.8594, -11.9182 -0.263248 17.0168, -12.3773 -0.260024 17.948, -11.446 -0.218874 17.9873, -10.2788 -0.169636 17.8562, -9.22951 -0.122315 17.7512, -8.28518 -0.0757666 17.7775, -7.31463 -0.0275173 17.8168]
            pointsMonde [6.30837 13.248 60.0325, 5.67083 13.3052 59.8894, 4.73403 13.2208 59.9024, 3.73218 13.1335 59.6812, 2.76935 13.0492 59.382, 1.80653 13.0771 59.1348, 0.674568 13.17 58.9006, 0.310257 13.1654 59.8894, 1.27308 13.1305 60.3578, 2.27493 13.0938 60.514, 3.13367 13.1676 60.7612, 3.88831 13.2257 60.8783, 4.695 13.2934 61.0864, 5.80094 13.3163 61.4247, 5.65782 13.3396 62.1664, 4.89016 13.3799 62.1143, 3.90132 13.2924 61.8411, 2.87344 13.2046 61.5548, 1.96267 13.1291 61.3337, 1.15598 13.1376 61.0604, 0.0890689 13.1599 60.7612, -0.119109 13.1543 61.6199, 0.986835 13.134 62.0623, 1.71546 13.1896 62.4656, 2.61322 13.2652 62.5827, 3.4069 13.349 63.1032, 3.35485 13.3712 63.8708, 2.56118 13.3013 63.7147, 1.59836 13.2141 63.4545, 0.596501 13.1609 63.0641, -0.36632 13.1571 62.7779, -0.821708 13.1656 63.4935, -0.0540533 13.1867 63.9229, 0.622524 13.2204 64.2872, 1.16899 13.2479 64.5864, 2.15783 13.3142 65.0418, 2.79538 13.3781 65.3931, 2.353 13.3739 66.3169, 1.54631 13.3309 66.1217, 0.635535 13.2903 65.7314, -0.0410423 13.2628 65.4972, -0.782675 13.2338 65.263, -1.60237 13.1997 64.9637, -1.94066 13.2095 65.7704, -1.09494 13.2478 66.0957, -0.171153 13.2914 66.2779, 0.765646 13.3329 66.7202, 1.70245 13.3729 67.0325, 1.71546 13.3734 67.7481, 0.739624 13.3247 67.7481, -0.288253 13.2667 67.7872, -1.0429 13.2285 67.657, -1.92765 13.1904 67.4098, -2.40906 13.1426 68.2295, -1.3942 13.1759 68.3727, -0.49643 13.2086 68.4117, 0.596501 13.2729 68.4767, 1.55932 13.3252 68.5938, 2.40504 13.3711 68.6979, 2.84742 13.3437 69.4656, 1.96267 13.2861 69.4916, 0.752635 13.2262 69.4916, -0.392342 13.1859 69.4396, -1.14699 13.1582 69.4526, -2.03174 13.1254 69.4786, -2.73434 13.0996 69.4916, -2.75063 13.0771 70.3735, -1.78008 13.1088 70.5177, -0.914444 13.1422 70.439, -0.206201 13.1676 70.4522, 0.934857 13.2116 70.3472, 1.93164 13.2491 70.2948, 3.21697 13.3102 70.2554, 3.80718 13.2899 71.0555, 2.77104 13.2581 71.1604, 1.91853 13.2262 71.1997, 0.816816 13.1845 71.2653, -0.193086 13.1462 71.4096, -1.32103 13.1083 71.4096, -2.71128 13.0611 71.4883, -3.17033 13.0389 72.3933, -1.95058 13.0797 72.4195, -0.966907 13.1123 72.472, -0.0619297 13.1433 72.3933, 0.934857 13.1783 72.1834, 1.99722 13.2146 72.0916, 2.87597 13.2441 72.0916, 3.9121 13.279 72.0785, 3.3219 13.2706 72.9966, 1.87918 13.2092 73.0622, 0.829932 13.1677 73.1277, -0.206201 13.1325 73.1933, -1.32103 13.0949 73.2196, -2.16043 13.0662 73.2851, -3.09164 13.0346 73.3376, -4.06219 12.9972 73.9803, -2.98671 13.0321 74.1376, -1.79319 13.078 74.1639, -0.861982 13.1185 74.177, -0.00946712 13.154 74.1245, 0.882395 13.1899 74.0196, 1.87918 13.2292 73.8622, 2.7317 13.2829 74.2426, 2.16772 13.2836 75.0951, 1.26275 13.2342 74.9246, 0.344655 13.1876 74.859, -0.652132 13.1431 74.8065, -1.78008 13.0945 74.8065, -2.73751 13.0577 74.9902, -3.95727 13.0054 75.0033, -4.65239 12.9835 75.3312, -5.11144 12.9851 76.1968, -4.12777 13.0256 76.1181, -2.99983 13.0736 76.0919, -1.885 13.1136 75.764, -0.888213 13.1564 75.7246, 0.226614 13.2056 75.5804, 1.11848 13.2496 75.6066, 1.73491 13.282 75.6853, 1.14471 13.2789 76.4591, 0.279077 13.2383 76.4985, -0.796404 13.1897 76.6034, -1.72761 13.1494 76.7477, -2.82932 13.0988 76.8132, -3.9048 13.0541 76.8788, -4.73109 13.0187 76.8919, -5.60983 12.9847 77.0493, -6.06888 12.9879 77.9805, -5.13767 13.0291 78.0199, -3.97038 13.0783 77.8887, -2.92113 13.1256 77.7838, -1.97681 13.1722 77.81, -1.00625 13.2204 77.8494]
            typeVegetation 0
            intervalleX 0.5
            intervalleZ 0.5
            aleat 0.1
            nbX 0
            nbZ 0
         }
         DEF Veg_13 IvVegetation
         {
            translation -0.7544 13.2621 78.7481
            largeur 0.5
            hauteur 0.6
            couleur 0.6 0.0 0.0
            points [0 0 0, -5.59524 -0.266734 0.0237045, -11.8306 -0.235384 9.29379, -7.04147 -0.0162983 10.7163]
            pointsMonde [-0.754659 13.2621 78.7483, -6.3499 12.9954 78.772, -12.5853 13.0267 88.0421, -7.79613 13.2458 89.4646]
            pointsRemplis [-0.305842 -0.00648024 0.250423, -0.863291 -0.0077705 1.0988, -1.42074 -0.00906077 1.94717, -1.97819 -0.010351 2.79554, -2.53564 -0.0116413 3.64392, -3.09309 -0.0129316 4.49229, -3.65054 -0.0142219 5.34066, -4.20799 -0.0155122 6.18904, -4.76544 -0.0168025 7.03741, -5.32289 -0.0180927 7.88579, -5.88034 -0.019383 8.73416, -6.43779 -0.0206733 9.58253, -6.99524 -0.0219636 10.4309, -1.19175 -0.0487131 0.254176, -1.73857 -0.0493747 1.08347, -2.28538 -0.0500363 1.91276, -2.83219 -0.0506978 2.74205, -3.37901 -0.0513595 3.57134, -3.92582 -0.052021 4.40063, -4.47263 -0.0526826 5.22993, -5.01945 -0.0533442 6.05922, -5.56626 -0.0540058 6.88851, -6.11308 -0.0546674 7.7178, -6.65989 -0.055329 8.54709, -7.2067 -0.0559905 9.37638, -7.75352 -0.0566521 10.2057, -2.07767 -0.090946 0.257929, -2.61385 -0.0909789 1.06814, -3.15002 -0.0910118 1.87835, -3.6862 -0.0910447 2.68856, -4.22238 -0.0910776 3.49877, -4.75856 -0.0911105 4.30898, -5.29473 -0.0911433 5.11919, -5.83091 -0.0911762 5.9294, -6.36709 -0.0912091 6.73961, -6.90326 -0.091242 7.54982, -7.43944 -0.091275 8.36003, -7.97562 -0.0913078 9.17024, -8.5118 -0.0913407 9.98044, -2.96358 -0.133179 0.261682, -3.48912 -0.132583 1.05281, -4.01466 -0.131987 1.84394, -4.5402 -0.131391 2.63507, -5.06575 -0.130796 3.42619, -5.59129 -0.1302 4.21732, -6.11683 -0.129604 5.00845, -6.64237 -0.129008 5.79958, -7.16791 -0.128412 6.5907, -7.69345 -0.127817 7.38183, -8.21899 -0.127221 8.17296, -8.74453 -0.126625 8.96409, -9.27007 -0.126029 9.75521, -3.84949 -0.175412 0.265435, -4.3644 -0.174187 1.03748, -4.8793 -0.172963 1.80953, -5.39421 -0.171738 2.58157, -5.90911 -0.170514 3.35362, -6.42402 -0.169289 4.12566, -6.93892 -0.168065 4.89771, -7.45383 -0.16684 5.66976, -7.96873 -0.165616 6.4418, -8.48364 -0.164391 7.21385, -8.99854 -0.163167 7.98589, -9.51345 -0.161942 8.75794, -10.0284 -0.160718 9.52998, -4.73541 -0.217645 0.269189, -5.23968 -0.215791 1.02215, -5.74394 -0.213938 1.77512, -6.24821 -0.212085 2.52808, -6.75248 -0.210232 3.28104, -7.25675 -0.208379 4.03401, -7.76102 -0.206526 4.78697, -8.26529 -0.204672 5.53994, -8.76956 -0.202819 6.2929, -9.27383 -0.200966 7.04586, -9.7781 -0.199113 7.79883, -10.2824 -0.19726 8.55179, -10.7866 -0.195406 9.30475, -5.62132 -0.259878 0.272942, -6.11495 -0.257396 1.00682, -6.60858 -0.254914 1.74071, -7.10222 -0.252432 2.47459, -7.59585 -0.24995 3.20847, -8.08948 -0.247468 3.94235, -8.58312 -0.244986 4.67623, -9.07675 -0.242504 5.41011, -9.57038 -0.240022 6.144, -10.064 -0.237541 6.87788, -10.5576 -0.235059 7.61176, -11.0513 -0.232577 8.34564, -11.5449 -0.230095 9.07952]
            typeVegetation 0
            remplir TRUE 
            intervalleX 1
            intervalleZ 1
            aleat 0.1
            nbX 0
            nbZ 0
         }
         DEF Veg_14 IvVegetation
         {
            translation -7.9373 13.2454 89.9878
            largeur 0.5
            hauteur 0.6
            couleur 0.6 0.0 0.0
            points [0 0 0, -4.85084 -0.200446 -1.2847, -7.15443 -0.454514 13.29, -0.930298 0.0314112 13.7773]
            pointsMonde [-7.9374 13.2455 89.9879, -12.7882 13.0451 88.7032, -15.0918 12.791 103.278, -8.86769 13.2769 103.765]
            pointsRemplis [-0.161695 -0.00779436 0.322283, -0.224822 -0.00566288 1.25717, -0.287949 -0.00353141 2.19206, -0.351077 -0.00139994 3.12695, -0.414204 0.000731548 4.06183, -0.477331 0.00286306 4.99672, -0.540459 0.0049945 5.93161, -0.603586 0.00712597 6.8665, -0.666713 0.00925742 7.80139, -0.729841 0.0113889 8.73628, -0.792969 0.0135204 9.67116, -0.856095 0.0156519 10.6061, -0.919223 0.0177833 11.5409, -0.98235 0.0199148 12.4758, -1.04548 0.0220463 13.4107, -0.929744 -0.0395316 0.118872, -1.0084 -0.0406288 1.06278, -1.08706 -0.041726 2.00668, -1.16572 -0.0428231 2.95059, -1.24438 -0.0439203 3.8945, -1.32304 -0.0450174 4.8384, -1.4017 -0.0461146 5.78231, -1.48035 -0.0472117 6.72622, -1.55901 -0.0483089 7.67012, -1.63767 -0.0494061 8.61403, -1.71633 -0.0505032 9.55794, -1.79499 -0.0516004 10.5018, -1.87365 -0.0526976 11.4457, -1.95231 -0.0537947 12.3897, -2.03097 -0.0548919 13.3336, -1.69779 -0.0712689 -0.0845391, -1.79198 -0.0755947 0.868385, -1.88617 -0.0799205 1.82131, -1.98036 -0.0842463 2.77423, -2.07455 -0.0885721 3.72716, -2.16874 -0.0928979 4.68008, -2.26293 -0.0972237 5.63301, -2.35712 -0.101549 6.58593, -2.45131 -0.105875 7.53886, -2.5455 -0.110201 8.49178, -2.63969 -0.114527 9.44471, -2.73388 -0.118853 10.3976, -2.82807 -0.123178 11.3506, -2.92226 -0.127504 12.3035, -3.01645 -0.13183 13.2564, -2.46584 -0.103006 -0.28795, -2.57556 -0.110561 0.673993, -2.68529 -0.118115 1.63594, -2.79501 -0.125669 2.59788, -2.90473 -0.133224 3.55982, -3.01445 -0.140778 4.52176, -3.12417 -0.148333 5.48371, -3.23389 -0.155887 6.44565, -3.34361 -0.163442 7.40759, -3.45333 -0.170996 8.36953, -3.56306 -0.17855 9.33148, -3.67278 -0.186105 10.2934, -3.7825 -0.193659 11.2554, -3.89222 -0.201214 12.2173, -4.00194 -0.208768 13.1792, -3.23389 -0.134743 -0.491361, -3.35915 -0.145527 0.4796, -3.4844 -0.15631 1.45056, -3.60965 -0.167093 2.42152, -3.7349 -0.177876 3.39248, -3.86016 -0.188659 4.36344, -3.98541 -0.199442 5.33441, -4.11066 -0.210225 6.30537, -4.23591 -0.221008 7.27633, -4.36117 -0.231791 8.24729, -4.48642 -0.242574 9.21825, -4.61167 -0.253357 10.1892, -4.73692 -0.26414 11.1602, -4.86217 -0.274923 12.1311, -4.98743 -0.285706 13.1021, -4.00194 -0.166481 -0.694772, -4.14273 -0.180492 0.285207, -4.28351 -0.194504 1.26519, -4.42429 -0.208516 2.24517, -4.56508 -0.222528 3.22515, -4.70586 -0.236539 4.20512, -4.84665 -0.250551 5.1851, -4.98743 -0.264563 6.16508, -5.12821 -0.278574 7.14506, -5.269 -0.292586 8.12504, -5.40978 -0.306598 9.10502, -5.55056 -0.320609 10.085, -5.69135 -0.334621 11.065, -5.83213 -0.348633 12.045, -5.97292 -0.362644 13.0249, -4.76999 -0.198218 -0.898183, -4.92631 -0.215458 0.0908149, -5.08262 -0.232699 1.07981, -5.23894 -0.249939 2.06881, -5.39525 -0.267179 3.05781, -5.55157 -0.28442 4.0468, -5.70788 -0.30166 5.0358, -5.8642 -0.3189 6.0248, -6.02051 -0.336141 7.0138, -6.17683 -0.353381 8.00279, -6.33314 -0.370621 8.99179, -6.48946 -0.387862 9.98079, -6.64577 -0.405102 10.9698, -6.80209 -0.422342 11.9588, -6.9584 -0.439583 12.9478]
            typeVegetation 0
            remplir TRUE 
            intervalleX 1
            intervalleZ 1
            aleat 0.1
            nbX 0
            nbZ 0
         }
         DEF Veg_15 IvVegetation
         {
            translation -11.8 13.2926 111.105
            largeur 0.5
            hauteur 0.6
            couleur 0.6 0.0 0.0
            points [0 0 0, -4.25479 -0.578156 -1.18576, -9.02109 -0.570817 5.88231, -12.7411 -0.594103 11.6716, -9.64884 -0.259167 13.1829, -4.53379 -0.100833 6.13806]
            pointsMonde [-11.8 13.2928 111.105, -16.0548 12.7147 109.919, -20.8211 12.722 116.987, -24.5411 12.6987 122.777, -21.4488 13.0336 124.288, -16.3338 13.192 117.243]
            pointsRemplis [-4.37705 -0.566774 -0.829062, -3.56864 -0.456924 -0.603768, -2.76023 -0.347075 -0.378474, -1.95182 -0.237225 -0.15318, -1.14341 -0.127375 0.0721152, -0.334997 -0.0175256 0.297409, -4.94305 -0.565902 0.010271, -4.12911 -0.458622 0.213477, -3.31518 -0.351341 0.416684, -2.50125 -0.244061 0.61989, -1.68732 -0.13678 0.823097, -0.873384 -0.0294996 1.0263, -5.50904 -0.565031 0.849604, -4.68959 -0.460319 1.03072, -3.87013 -0.355608 1.21184, -3.05068 -0.250896 1.39296, -2.23123 -0.146185 1.57408, -1.41177 -0.0414734 1.7552, -6.07504 -0.564159 1.68894, -5.25006 -0.462017 1.84797, -4.42509 -0.359875 2.007, -3.60011 -0.257732 2.16603, -2.77514 -0.15559 2.32506, -1.95016 -0.0534473 2.48409, -6.64104 -0.563288 2.52827, -5.81054 -0.463715 2.66521, -4.98004 -0.364141 2.80216, -4.14954 -0.264568 2.9391, -3.31905 -0.164995 3.07604, -2.48855 -0.0654214 3.21299, -7.20704 -0.562416 3.3676, -6.37102 -0.465412 3.48246, -5.535 -0.368408 3.59732, -4.69898 -0.271404 3.71217, -3.86295 -0.174399 3.82703, -3.02693 -0.0773952 3.94188, -7.77304 -0.561545 4.20694, -6.93149 -0.46711 4.29971, -6.08995 -0.372675 4.39247, -5.24841 -0.278239 4.48524, -4.40687 -0.183804 4.57801, -3.56532 -0.0893691 4.67078, -8.33903 -0.560673 5.04627, -7.49197 -0.468807 5.11695, -6.6449 -0.376941 5.18763, -5.79784 -0.285075 5.25831, -4.95078 -0.193209 5.32899, -4.10371 -0.101343 5.39967, -8.90503 -0.559802 5.8856, -8.05245 -0.470505 5.9342, -7.19986 -0.381208 5.98279, -6.34727 -0.291911 6.03138, -5.49468 -0.202614 6.07997, -4.6421 -0.113317 6.12857, -8.90503 -0.559802 5.8856, -7.8393 -0.448181 5.94634, -6.77356 -0.336559 6.00708, -5.70783 -0.224938 6.06783, -4.6421 -0.113317 6.12857, -9.34678 -0.562567 6.57308, -8.32247 -0.454955 6.6711, -7.29815 -0.347343 6.76911, -6.27383 -0.239731 6.86713, -5.24951 -0.132119 6.96514, -9.78853 -0.565332 7.26056, -8.80563 -0.461729 7.39585, -7.82273 -0.358127 7.53114, -6.83983 -0.254524 7.66643, -5.85692 -0.150921 7.80172, -10.2303 -0.568097 7.94804, -9.2888 -0.468504 8.1206, -8.34731 -0.36891 8.29316, -7.40582 -0.269317 8.46573, -6.46433 -0.169723 8.63829, -10.672 -0.570863 8.63552, -9.77197 -0.475278 8.84535, -8.87189 -0.379694 9.05519, -7.97182 -0.28411 9.26503, -7.07175 -0.188526 9.47487, -11.1138 -0.573628 9.323, -10.2551 -0.482053 9.57011, -9.39647 -0.390478 9.81722, -8.53782 -0.298903 10.0643, -7.67916 -0.207328 10.3114, -11.5555 -0.576393 10.0105, -10.7383 -0.488827 10.2949, -9.92105 -0.401262 10.5792, -9.10381 -0.313696 10.8636, -8.28657 -0.22613 11.148, -11.9973 -0.579158 10.698, -11.2215 -0.495602 11.0196, -10.4456 -0.412045 11.3413, -9.66981 -0.328489 11.6629, -8.89398 -0.244932 11.9846, -12.439 -0.581923 11.3854, -11.7046 -0.502376 11.7444, -10.9702 -0.422829 12.1033, -10.2358 -0.343282 12.4622, -9.50139 -0.263734 12.8212]
            typeVegetation 0
            remplir TRUE 
            intervalleX 1
            intervalleZ 1
            aleat 0.1
            nbX 0
            nbZ 0
         }
         DEF Veg_16 IvVegetation
         {
            translation -9.5466 13.173 104.2424
            largeur 0.5
            hauteur 0.6
            couleur 0.6 0.0 0.0
            points [0 0 0, -0.758379 -0.0688496 -0.0947952, -1.74427 -0.0736227 -0.208549, -2.74912 -0.0985947 -0.246468, -3.92461 -0.182623 -0.284393, -5.02426 -0.311864 -0.398148, -5.76367 -0.402628 -0.303352, -5.91535 -0.411755 0.682541, -4.92946 -0.289495 0.682541, -3.96253 -0.17033 0.606705, -2.86288 -0.0610542 0.720459, -2.04762 -0.0296059 0.796295, -1.36508 -0.0280876 0.834221, -0.530865 -0.0147915 0.929016, -0.644622 0.0505219 1.45988, -1.61155 0.0517263 1.70635, -3.43166 -0.0951881 1.55468, -4.34172 -0.208415 1.51676, -5.0053 -0.290334 1.55468, -5.95327 -0.408449 1.4978, -6.01015 -0.406379 2.42681, -4.64507 -0.237282 2.40785, -3.77293 -0.12798 2.54057, -2.99559 -0.0313292 2.65433, -2.38889 0.125622 3.60229, -3.54542 -0.084219 3.4127, -4.41755 -0.199354 3.45062, -5.30865 -0.309704 3.4127, -6.02911 -0.399047 3.4127, -6.38934 -0.434967 4.30379, -4.89154 -0.218479 4.43652, -3.86773 -0.0388403 4.53131, -2.91976 0.12475 4.58819, -2.57849 0.130889 5.85847, -4.1142 -0.0855579 5.57408, -5.4224 -0.287949 5.59304, -3.45062 0.00859833 5.68784, -6.57893 -0.445772 5.49825, -12.0894 -0.179494 20.4383, -12.9995 -0.264441 19.9643, -14.0423 -0.36046 19.4714, -14.7627 -0.427316 19.1111, -15.2367 -0.468069 18.9974, -15.5211 -0.490548 19.8126, -14.2508 -0.402603 20.3625, -13.0185 -0.275147 20.59, -12.0705 -0.192442 20.9123, -12.7151 -0.312295 21.4431, -13.9664 -0.41102 21.2156, -14.9713 -0.488573 20.9881, -13.5493 -0.478284 21.8223, 9.7486 0.09834 -26.6231]
            pointsMonde [-9.54672 13.173 104.242, -10.3051 13.1042 104.148, -11.291 13.0994 104.034, -12.2958 13.0744 103.996, -13.4713 12.9904 103.958, -14.571 12.8611 103.844, -15.3104 12.7704 103.939, -15.4621 12.7612 104.925, -14.4762 12.8835 104.925, -13.5092 13.0027 104.849, -12.4096 13.1119 104.963, -11.5943 13.1434 105.039, -10.9118 13.1449 105.077, -10.0776 13.1582 105.171, -10.1913 13.2235 105.702, -11.1583 13.2247 105.949, -12.9784 13.0778 105.797, -13.8884 12.9646 105.759, -14.552 12.8827 105.797, -15.5 12.7646 105.74, -15.5569 12.7666 106.669, -14.1918 12.9357 106.65, -13.3196 13.045 106.783, -12.5423 13.1417 106.897, -11.9356 13.2986 107.845, -13.0921 13.0888 107.655, -13.9643 12.9736 107.693, -14.8554 12.8633 107.655, -15.5758 12.774 107.655, -15.9361 12.738 108.546, -14.4383 12.9545 108.679, -13.4144 13.1342 108.774, -12.4665 13.2978 108.831, -12.1252 13.3039 110.101, -13.6609 13.0874 109.816, -14.9691 12.8851 109.835, -12.9973 13.1816 109.93, -16.1256 12.7272 109.741, -21.6362 12.9935 124.681, -22.5462 12.9086 124.207, -23.589 12.8125 123.714, -24.3094 12.7457 123.354, -24.7834 12.7049 123.24, -25.0678 12.6825 124.055, -23.7975 12.7704 124.605, -22.5652 12.8979 124.832, -21.6172 12.9806 125.155, -22.2618 12.8607 125.686, -23.5131 12.762 125.458, -24.518 12.6844 125.231, -23.096 12.6947 126.065, 0.20188 13.2713 77.6193]
            typeVegetation 0
            intervalleX 0.5
            intervalleZ 0.5
            aleat 0.1
            nbX 0
            nbZ 0
         }
         DEF Veg_17 IvVegetation
         {
            translation 20.9962 12.9986 74.8547
            largeur 0.4
            hauteur 1.3997
            couleur 0.5 0.4 0.0
            points [0 0 0, -0.62096 0.373143 -0.323982, -1.05293 0.351398 0.742455, -1.41741 0.334846 1.63339, -1.91688 0.329802 2.76732, -2.32185 0.295904 3.83376, -2.87531 0.326857 4.92719, -3.1858 0.296557 5.77763, -3.64477 0.32025 6.69557, -4.04974 0.295442 7.73501, -4.52221 0.308205 8.74744, -4.84619 0.229761 9.85437, -4.84619 0.0948868 10.6373, -4.98118 -0.0178671 11.5553, -4.41422 -0.0190706 10.2458, -3.96875 -0.0079689 9.15241, -3.45578 -0.0134935 7.99149, -3.0913 0.0074892 7.03305, -2.68633 0.0156345 6.06111, -2.28135 0.00562859 5.18367, -1.82238 -0.00509548 4.19823, -1.36341 -0.00392723 3.14529, -0.863943 -0.0238781 2.09236, -0.512966 0.00335789 1.16093, -0.0539951 0.0034132 0.107994]
            pointsMonde [20.9962 12.9987 74.8549, 20.3753 13.3718 74.5309, 19.9433 13.3501 75.5974, 19.5788 13.3335 76.4883, 19.0793 13.3285 77.6222, 18.6744 13.2946 78.6887, 18.1209 13.3255 79.7821, 17.8104 13.2952 80.6326, 17.3515 13.3189 81.5505, 16.9465 13.2941 82.5899, 16.474 13.3069 83.6024, 16.15 13.2284 84.7093, 16.15 13.0935 85.4922, 16.015 12.9808 86.4102, 16.582 12.9796 85.1008, 17.0275 12.9907 84.0073, 17.5404 12.9852 82.8464, 17.9049 13.0061 81.888, 18.3099 13.0143 80.916, 18.7149 13.0043 80.0386, 19.1738 12.9936 79.0532, 19.6328 12.9947 78.0002, 20.1323 12.9748 76.9473, 20.4833 13.002 76.0159, 20.9422 13.0021 74.9629]
            typeVegetation 4
            intervalleX 0.5
            intervalleZ 0.5
            aleat 0.1
            nbX 0
            nbZ 0
         }
         DEF Veg_18 IvVegetation
         {
            translation 27.1042 12.857 60.2411
            largeur 0.4
            hauteur 1.3997
            couleur 0.5 0.3 0.0
            points [0 0 0, -0.377838 0.0181561 0.839638, -0.881622 0.03899 2.02913, -1.25946 0.0391932 2.99471, -1.76324 0.0629654 4.17021, -2.0991 0.0553122 5.06583, -2.58889 0.0915365 6.14336, -3.05069 0.128438 7.13693, -3.40054 0.0640478 8.32642, -3.91832 0.129516 9.306, -4.24018 0.113866 10.1876, -4.70198 0.12435 11.2932, -5.77952 0.52107 12.0068, -5.27574 0.501621 10.8593, -4.92588 0.533371 9.83778, -4.47808 0.491028 8.94216, -4.03027 0.487135 7.85063, -3.62444 0.462848 6.95501, -3.09267 0.477098 5.54162, -2.7988 0.476901 4.79993, -2.29502 0.456904 3.62444, -1.74925 0.429096 2.37898, -1.37141 0.442216 1.35741, -1.6373 0.486986 0.335854, -2.323 0.486087 -0.419823]
            pointsMonde [27.1042 12.8571 60.2414, 26.7264 12.8753 61.081, 26.2226 12.8961 62.2705, 25.8448 12.8963 63.2361, 25.341 12.9201 64.4116, 25.0051 12.9125 65.3072, 24.5153 12.9487 66.3848, 24.0535 12.9856 67.3783, 23.7037 12.9212 68.5678, 23.1859 12.9867 69.5474, 22.864 12.971 70.429, 22.4022 12.9815 71.5345, 21.3247 13.3782 72.2482, 21.8285 13.3588 71.1007, 22.1783 13.3905 70.0792, 22.6261 13.3482 69.1836, 23.0739 13.3443 68.092, 23.4798 13.32 67.1964, 24.0115 13.3342 65.783, 24.3054 13.3341 65.0413, 24.8092 13.3141 63.8658, 25.355 13.2862 62.6204, 25.7328 13.2994 61.5988, 25.4669 13.3441 60.5772, 24.7812 13.3432 59.8216]
            typeVegetation 5
            intervalleX 0.5
            intervalleZ 0.5
            aleat 0.1
            nbX 0
            nbZ 0
         }
         DEF Veg_19 IvVegetation
         {
            translation -19.7926 12.5893 126.7162
            largeur 0.3
            hauteur 0.6998
            couleur 0.5 0.5 0.5
            points [0 0 0, 0.785057 -0.0263042 0.392525, 2.03861 0.00281525 0.74707, 3.08958 0.0109959 1.11427, 3.96327 0.00769615 1.45615, 5.09021 0.0326653 1.79803, 5.93857 0.00745487 2.20322, 6.86291 0.032217 2.4818, 8.42037 0.0883026 3.10223, 9.83853 0.15471 3.59607, 11.0288 0.179274 4.19119, 12.3077 0.285495 4.8876, 13.3839 0.380496 5.11552, 13.6752 0.398676 6.26779]
            pointsMonde [-19.7927 12.5893 126.716, -19.0077 12.563 127.109, -17.7541 12.5921 127.463, -16.7032 12.6003 127.831, -15.8295 12.597 128.172, -14.7025 12.622 128.514, -13.8542 12.5968 128.919, -12.9298 12.6215 129.198, -11.3724 12.6776 129.818, -9.95421 12.744 130.312, -8.76396 12.7686 130.907, -7.48508 12.8748 131.604, -6.40879 12.9698 131.832, -6.11756 12.988 132.984]
            typeVegetation 17
            intervalleX 0.5
            intervalleZ 0.5
            aleat 0.1
            nbX 0
            nbZ 0
         }
         DEF Veg_21 IvVegetation
         {
            translation -15.9813 12.7033 124.1078
            largeur 0.4
            hauteur 1.3997
            couleur 0.5 0.4 0.0
            points [0 0 0, -0.215258 -0.0723591 0.506485, -0.303892 -0.120397 1.07629, -0.0126619 -0.130078 1.64609, 0.721745 -0.179331 2.21588, 1.89933 -0.203843 2.70971, 2.70971 -0.21102 3.15289, 3.8873 -0.199649 3.64671, 5.09021 -0.175997 4.05191, 5.93857 -0.158514 4.35579, 6.78694 -0.138791 4.71034, 7.71128 -0.118706 5.06488, 8.76225 -0.0795956 5.53339, 9.78788 -0.0724096 5.88792, 10.6616 -0.051446 6.26779]
            pointsMonde [-15.9814 12.7035 124.108, -16.1967 12.6311 124.614, -16.2853 12.5831 125.184, -15.9941 12.5734 125.754, -15.2597 12.5242 126.324, -14.0821 12.4997 126.818, -13.2717 12.4925 127.261, -12.0941 12.5038 127.755, -10.8912 12.5275 128.16, -10.0428 12.545 128.464, -9.19448 12.5647 128.818, -8.27013 12.5848 129.173, -7.21917 12.6239 129.641, -6.19353 12.6311 129.996, -5.31984 12.6521 130.376]
            typeVegetation 4
            intervalleX 0.5
            intervalleZ 0.5
            aleat 0.1
            nbX 0
            nbZ 0
         }
         DEF Veg_22 IvVegetation
         {
            translation 9.5895 12.442 111.7229
            largeur 1.0
            hauteur 1.0
            couleur 1.0 0.4 0.0
            points [0 0 0, 0.157674 0 0.53035, 0.329681 0 1.07504, 0.430018 0 1.61973, 0.573358 0 2.20742, 0.587692 0 2.80945, 1.29005 -0.363316 3.75549, 0.831368 -0.309007 3.87016, 0.315347 -0.310592 4.08517, -0.157673 -0.313124 4.28584, -0.774032 -0.311013 4.45785, -1.50506 -0.3089 4.65852, -2.15009 -0.314746 4.94521, -2.76645 -0.311065 5.08854, -3.42581 -0.314965 5.34655, -4.31451 -0.310901 5.56156]
            pointsMonde [9.58966 12.442 111.723, 9.74733 12.442 112.253, 9.91934 12.442 112.798, 10.0197 12.442 113.343, 10.163 12.442 113.93, 10.1774 12.442 114.532, 10.8797 12.0787 115.479, 10.421 12.133 115.593, 9.90501 12.1314 115.808, 9.43199 12.1289 116.009, 8.81563 12.131 116.181, 8.0846 12.1331 116.382, 7.43957 12.1273 116.668, 6.82321 12.1309 116.812, 6.16385 12.127 117.07, 5.27515 12.1311 117.285]
            typeVegetation 7
            intervalleX 0.5
            intervalleZ 0.5
            aleat 0.1
            nbX 0
            nbZ 0
         }
         DEF Veg_25 IvVegetation
         {
            translation 7.9909 12.2152 118.4474
            largeur 0.1199
            hauteur 1.0
            couleur 1.0 0.5 0.0
            points [0 0 0, -0.127003 -0.0170574 0.85273, -0.127003 0.035224 1.74175, -0.21772 0.0489254 2.79406, -5.17083 0.520035 -7.0033, -5.87842 0.604137 -6.80373, -6.98516 0.676374 -6.44086, -7.63831 0.675861 -5.5337, -8.25519 0.70729 -4.75353, -8.92649 0.740118 -3.9008, -9.57964 0.743503 -2.99364, -10.2328 0.768088 -2.14091, -10.7771 0.797326 -1.45146, -11.4665 0.842896 -0.598724, -12.1016 0.81839 0.344719, -12.7366 0.824512 1.2156, -13.3716 0.852953 2.03204, -14.0066 0.884452 2.8485, -4.84425 0.459714 -6.36829, -5.71513 0.493953 -6.09614, -6.49529 0.489608 -5.71513, -7.11216 0.490417 -4.97125, -7.65646 0.492669 -4.24552, -8.3459 0.514193 -3.42908, -8.96277 0.542252 -2.72149, -9.57964 0.512827 -1.66918, -10.2147 0.500585 -0.762016, -10.8315 0.500585 0, -11.5935 0.500585 1.37889, -5.55184 0.428943 -5.33412, -6.51343 0.433856 -4.60839, -7.16659 0.43051 -3.70123, -7.72903 0.437082 -2.93921, -8.3459 0.387384 -2.05019, -9.03535 0.438853 -1.25188, -1.74175 -0.195819 2.48563, -2.39491 -0.0807676 2.06833, -3.24764 -0.0671778 1.41518, -4.28181 -0.0174637 0.616867, -6.24128 0.349048 -2.8485, -6.05985 0.385421 -1.81432, -5.87842 0.368955 -0.508011, -5.6607 0.339585 0.453583, -6.38643 0.346735 0.508011, -6.67672 0.385705 -0.544296, -6.84001 0.389141 -1.54218, -7.0033 0.378458 -2.24976, -7.65646 0.416866 -1.19746, -7.32988 0.427088 -0.417297, -7.02144 0.357227 0.508011, -7.76532 0.507493 0.979736, -8.2189 0.488647 -0.0181427, -8.41848 0.470058 -0.762016, -8.72691 0.515966 0.272148, -8.52733 0.514253 1.17931, -8.38219 0.509489 1.66918, -8.90834 0.497454 2.15905, -9.32564 0.515305 1.07045, -9.38007 0.507426 -0.0725708, -9.94251 0.501887 0.453583, -10.7771 0.504049 0.889023, -11.4484 0.500585 1.28817, -3.86452 0.938284 4.22738, -4.66282 1.00439 4.71725, -5.49741 1.07639 5.29784, -6.18685 1.13857 5.82399, -6.93073 1.17358 6.38643, -4.48139 0.344065 3.12064, -5.22526 0.37081 3.62865, -6.18685 0.426142 4.29995, -6.71301 0.472731 4.75353, -7.40245 0.508054 5.29784, -8.01932 0.339585 4.60839, -7.23916 0.368104 3.91895, -6.40457 0.349886 3.32021, -5.35226 0.336168 2.8122, -4.66282 0.329841 2.32233, -3.13878 0.236962 2.4312, -2.4312 0.14568 3.01178, -2.06833 0.178452 4.0278, -1.99576 0.365677 5.00754, -1.86876 0.453557 6.22314, -1.86876 0.498067 6.98515, -1.7599 0.573878 7.51131, -2.93921 0.646638 7.58389, -3.86452 0.674406 7.65646, -5.35226 0.628657 7.14845, -4.62653 0.652147 7.38431, -5.37041 0.591819 6.62229, -4.33624 0.603399 5.84213, -3.42908 0.487627 5.20712, -2.75778 0.392907 4.82611, -8.14633 0.84501 6.42271, -8.8902 0.842627 6.04171, -9.6885 0.862768 5.6607, -10.7952 0.867589 5.09826, -11.5573 0.912428 4.77168, -11.1581 0.593819 4.22738, -10.3054 0.54924 4.60839, -9.41636 0.565146 5.08012, -8.87206 0.590891 5.38855, -8.14633 0.610837 5.76955]
            pointsMonde [7.99096 12.2154 118.447, 7.86395 12.1984 119.3, 7.86395 12.2506 120.189, 7.77324 12.2643 121.242, 2.82013 12.7354 111.444, 2.11254 12.8196 111.644, 1.0058 12.8918 112.007, 0.352643 12.8913 112.914, -0.264229 12.9227 113.694, -0.935529 12.9555 114.547, -1.58869 12.9589 115.454, -2.24184 12.9835 116.307, -2.78614 13.0127 116.996, -3.47559 13.0583 117.849, -4.1106 13.0338 118.792, -4.74562 13.0399 119.663, -5.38063 13.0684 120.48, -6.01564 13.0999 121.296, 3.14671 12.6751 112.079, 2.27583 12.7094 112.351, 1.49567 12.705 112.732, 0.878798 12.7058 113.476, 0.334499 12.7081 114.202, -0.354944 12.7296 115.018, -0.971816 12.7577 115.726, -1.58869 12.7282 116.778, -2.2237 12.716 117.685, -2.84057 12.716 118.447, -3.60259 12.716 119.826, 2.43912 12.6444 113.113, 1.47752 12.6493 113.839, 0.824368 12.6459 114.746, 0.261926 12.6525 115.508, -0.354944 12.6028 116.397, -1.04439 12.6543 117.196, 6.2492 12.0196 120.933, 5.59605 12.1346 120.516, 4.74331 12.1482 119.863, 3.70915 12.198 119.064, 1.74967 12.5645 115.599, 1.93111 12.6008 116.633, 2.11254 12.5844 117.939, 2.33026 12.555 118.901, 1.60453 12.5622 118.955, 1.31424 12.6011 117.903, 1.15095 12.6046 116.905, 0.987657 12.5939 116.198, 0.334499 12.6323 117.25, 0.661078 12.6425 118.03, 0.969514 12.5726 118.955, 0.22564 12.7229 119.427, -0.227942 12.7041 118.429, -0.427518 12.6855 117.685, -0.735953 12.7314 118.72, -0.536377 12.7297 119.627, -0.391232 12.7249 120.117, -0.917386 12.7129 120.607, -1.33468 12.7307 119.518, -1.38911 12.7228 118.375, -1.95155 12.7173 118.901, -2.78614 12.7195 119.337, -3.45744 12.716 119.736, 4.12644 13.1537 122.675, 3.32814 13.2198 123.165, 2.49355 13.2918 123.745, 1.8041 13.354 124.271, 1.06023 13.389 124.834, 3.50957 12.5595 121.568, 2.7657 12.5862 122.076, 1.8041 12.6416 122.747, 1.27795 12.6881 123.201, 0.588505 12.7235 123.745, -0.0283661 12.555 123.056, 0.751794 12.5835 122.366, 1.58638 12.5653 121.768, 2.63869 12.5516 121.26, 3.32814 12.5453 120.77, 4.85217 12.4524 120.879, 5.55976 12.3611 121.459, 5.92263 12.3939 122.475, 5.9952 12.5811 123.455, 6.1222 12.669 124.671, 6.1222 12.7135 125.433, 6.23106 12.7893 125.959, 5.05175 12.8621 126.031, 4.12644 12.8898 126.104, 2.63869 12.8441 125.596, 3.36442 12.8676 125.832, 2.62055 12.8072 125.07, 3.65472 12.8188 124.29, 4.56188 12.703 123.655, 5.23318 12.6083 123.274, -0.155369 13.0604 124.87, -0.899242 13.058 124.489, -1.69755 13.0782 124.108, -2.80429 13.083 123.546, -3.5663 13.1278 123.219, -3.16715 12.8092 122.675, -2.31442 12.7647 123.056, -1.4254 12.7806 123.528, -0.8811 12.8063 123.836, -0.155369 12.8263 124.217]
            typeVegetation 6
            intervalleX 0.5
            intervalleZ 0.5
            aleat 0.1
            nbX 0
            nbZ 0
         }
         DEF Veg_26 IvVegetation
         {
            translation 16.6902 13.1598 114.6978
            largeur 0.1098
            hauteur 1.3997
            couleur 0.5 0.3 0.0
            points [0 0 0, -0.192738 0.0227518 -0.509384, -0.413013 0.0234785 -1.29411, -0.922396 0.121037 -2.34042, 0.536919 -0.185161 -1.17021, 0.344179 -0.178129 -1.94117, 0.137672 -0.178488 -2.94617, 0.0137672 -0.189143 -3.78596, -0.206505 -0.185358 -4.76343, -0.468081 -0.181886 -5.9474, -0.757191 -0.168911 -7.04877, -0.894861 -0.173601 -7.81973, -1.18397 -0.158806 -8.87979, -1.33541 -0.175135 -9.98116, -1.47308 -0.178004 -10.7108, -1.66582 -0.191806 -11.7847, -1.87233 -0.193792 -12.6245, -1.9687 -0.215686 -13.5331, -2.0926 -0.236037 -14.5105, -2.40924 -0.153298 -13.7121, -2.72589 -0.0739374 -12.9962, -2.98746 -0.00385094 -12.294, -3.07007 0.0286264 -11.826, -2.83602 0.0332994 -10.9036, -2.60198 0.0392179 -9.95363, -2.27157 0.036108 -8.86603, -2.10637 0.0498104 -7.98493, -1.87233 0.0501242 -7.15891, -1.72089 0.0660057 -6.27781, -1.52815 0.0631809 -5.50685, -1.2115 0.024313 -4.85979, -0.757191 -0.0335398 -3.9787]
            pointsMonde [16.6902 13.1601 114.698, 16.4975 13.1828 114.189, 16.2772 13.1835 113.404, 15.7678 13.2811 112.358, 17.2271 12.9749 113.528, 17.0344 12.9819 112.757, 16.8279 12.9816 111.752, 16.704 12.9709 110.912, 16.4837 12.9747 109.935, 16.2221 12.9782 108.751, 15.933 12.9912 107.649, 15.7953 12.9865 106.878, 15.5062 13.0013 105.818, 15.3548 12.9849 104.717, 15.2171 12.9821 103.987, 15.0244 12.9683 102.913, 14.8179 12.9663 102.074, 14.7215 12.9444 101.165, 14.5976 12.924 100.188, 14.281 13.0068 100.986, 13.9643 13.0861 101.702, 13.7027 13.1562 102.404, 13.6201 13.1887 102.872, 13.8542 13.1934 103.795, 14.0882 13.1993 104.744, 14.4186 13.1962 105.832, 14.5838 13.2099 106.713, 14.8179 13.2102 107.539, 14.9693 13.2261 108.42, 15.1621 13.2233 109.191, 15.4787 13.1844 109.838, 15.933 13.1265 110.719]
            typeVegetation 5
            intervalleX 0.5
            intervalleZ 0.5
            aleat 0.1
            nbX 0
            nbZ 0
         }
         DEF Veg_27 IvVegetation
         {
            translation -1.2624 12.8884 135.2061
            largeur 0.18
            hauteur 1.3997
            couleur 0.5 0.4 0.0
            points [0 0 0, 0.847672 -0.0416298 -0.211929, 1.8302 -0.0740747 -0.423843, 2.832 -0.133202 -0.693558, 3.75673 -0.17615 -0.924744, 4.70073 -0.217823 -1.15593, 5.52913 0.0111704 -0.366043, 5.43281 -0.00558567 0.635742, 6.06856 -0.00398159 1.48341, 6.97403 -0.0564699 2.1577, 7.30154 -0.0131054 2.87051, 7.26301 0.117214 3.93011, 7.24374 0.19881 4.9897, 7.26301 0.181934 6.06856, 7.24374 0.198856 7.08961, 7.22448 0.21567 8.1492, 7.24374 0.193309 9.05467, 7.18595 0.249676 10.1335, 7.18595 0.24701 11.0775, 7.16668 0.264259 11.983, 7.24374 0.18819 12.9463, 7.24374 0.23607 13.9095, 7.51346 0.213204 14.7187, 8.3226 0.13572 15.4507, 8.91982 0.182686 16.1636, 9.6519 0.117853 16.78]
            pointsMonde [-1.26242 12.8884 135.206, -0.414751 12.8468 134.994, 0.567778 12.8143 134.782, 1.56957 12.7552 134.513, 2.49431 12.7123 134.281, 3.4383 12.6706 134.05, 4.26671 12.8996 134.84, 4.17038 12.8828 135.842, 4.80614 12.8844 136.69, 5.71161 12.8319 137.364, 6.03912 12.8753 138.077, 6.00059 13.0056 139.136, 5.98132 13.0872 140.196, 6.00059 13.0703 141.275, 5.98132 13.0873 142.296, 5.96206 13.1041 143.355, 5.98132 13.0817 144.261, 5.92352 13.1381 145.34, 5.92352 13.1354 146.284, 5.90426 13.1527 147.189, 5.98132 13.0766 148.152, 5.98132 13.1245 149.116, 6.25103 13.1016 149.925, 7.06018 13.0241 150.657, 7.6574 13.0711 151.37, 8.38948 13.0063 151.986]
            typeVegetation 4
            intervalleX 0.5
            intervalleZ 0.5
            aleat 0.1
            nbX 0
            nbZ 0
         }
         DEF Veg_28 IvVegetation
         {
            translation -4.8456 12.5892 140.2922
            largeur 0.14
            hauteur 0.6
            couleur 0.6998 0.1 0.0
            points [0 0 0, 0.963264 0.0590048 0.597214, 2.13845 0.131003 1.34857, 3.14024 0.186899 2.04211, 3.10171 0.15733 3.39069, 1.98432 0.115673 2.52374, 0.943999 0.0583773 1.59901, -0.385305 -0.0231037 0.674286, -1.07886 -0.0650063 1.31004, -0.0385303 -0.00111771 2.25403, 1.15592 0.0622358 2.98611, 2.7164 0.11917 4.25763, 2.3311 0.0855007 5.00897, 1.86873 0.0704679 5.79884, 1.34857 0.0526247 6.60799, 1.04033 0.0407619 3.73746, 0.597224 -0.00243187 4.70073, -0.115591 -0.0353718 5.66399, -0.385305 -0.0218534 2.96684, -0.943998 -0.0666008 3.83379, -1.50269 -0.113182 4.66219]
            pointsMonde [-4.84576 12.5892 140.292, -3.8825 12.6482 140.889, -2.70732 12.7202 141.641, -1.70552 12.7761 142.334, -1.74406 12.7465 143.683, -2.86144 12.7049 142.816, -3.90177 12.6476 141.891, -5.23107 12.5661 140.967, -5.92462 12.5242 141.602, -4.88429 12.5881 142.546, -3.68985 12.6515 143.278, -2.12936 12.7084 144.55, -2.51467 12.6747 145.301, -2.97703 12.6597 146.091, -3.4972 12.6418 146.9, -3.80544 12.63 144.03, -4.24854 12.5868 144.993, -4.96136 12.5538 145.956, -5.23107 12.5674 143.259, -5.78976 12.5226 144.126, -6.34846 12.476 144.954]
            typeVegetation 1
            intervalleX 0.5
            intervalleZ 0.5
            aleat 0.1
            nbX 0
            nbZ 0
         }
         DEF Veg_29 IvVegetation
         {
            translation -3.3266 12.96 137.3925
            largeur 0.1199
            hauteur 0.6
            couleur 0.5 0.0 0.0
            points [0 0 0, 0.777062 0.028286 0.72525, 1.42461 0.0375967 1.52821, 2.22758 0.0249748 2.66791, 2.79742 -0.00759125 3.72989, 3.23776 0.00462246 5.15451, 2.43479 -0.0621796 5.23221, 1.96856 -0.0625744 4.17023, 1.06198 -0.104025 3.28957, 0.12951 -0.168351 2.71971, -0.725258 -0.21245 1.94266, -1.39871 -0.241977 1.3728, -0.932475 -0.150379 0.75116, 0.0777059 -0.119342 1.78725, 3.36727 -0.0325108 6.78635, 3.54858 -0.0270033 8.13324, 3.67809 -0.0234947 9.37654, 3.93711 -0.0224724 10.5162, 4.17023 -0.0297852 11.7854, 4.42925 -0.0294609 12.951, 4.71418 -0.0286255 14.2461, 4.9732 -0.0240469 15.3081, 5.12861 -0.0336466 16.3183, 5.46534 -0.0205765 17.4839, 5.77616 -0.0166254 18.8049, 5.95748 -0.021822 20.0223, 6.2942 0.0050106 21.4987, 6.57913 0.0251856 22.5607, 7.01946 0.0488691 23.6745, 4.29974 -0.0930004 17.0695, 3.26366 -0.115872 16.7586, 1.94265 -0.142006 16.5773, 0.932474 -0.16551 16.1888, -0.0259023 -0.176594 15.9816, -1.11379 -0.162695 15.6707, 3.7299 -0.104266 16.9918, 2.5125 -0.13074 16.655, 1.42461 -0.152713 16.4737, -0.181314 -0.175827 16.0334, -0.310825 -0.158559 14.7642, 0.777062 -0.174099 15.2045, 2.04626 -0.15329 15.6449, 3.28956 -0.125625 16.0334, 3.7558 -0.128976 15.2045, 2.40889 -0.159585 14.7383, 1.2692 -0.168101 14.3756, 0.207216 -0.153455 13.9871, 0.543943 -0.145378 13.1064, 1.91675 -0.162542 13.4691, 3.21186 -0.159115 13.754, 3.67809 -0.146403 13.0028, 2.35709 -0.154101 12.4848, 1.39871 -0.142701 12.2776, 1.73544 -0.133968 11.3451, 3.03054 -0.151733 11.8113, 2.64201 -0.131437 10.4903, 2.38299 -0.118563 9.66147]
            pointsMonde [-3.32673 12.9601 137.393, -2.54967 12.9883 138.118, -1.90211 12.9977 138.921, -1.09915 12.985 140.061, -0.529304 12.9525 141.123, -0.088969 12.9647 142.547, -0.891933 12.8979 142.625, -1.35817 12.8975 141.563, -2.26474 12.856 140.682, -3.19722 12.7917 140.112, -4.05199 12.7476 139.335, -4.72544 12.7181 138.765, -4.2592 12.8097 138.144, -3.24902 12.8407 139.18, 0.0405412 12.9276 144.179, 0.221856 12.9331 145.526, 0.351366 12.9366 146.769, 0.610387 12.9376 147.909, 0.843505 12.9303 149.178, 1.10253 12.9306 150.344, 1.38745 12.9314 151.639, 1.64647 12.936 152.701, 1.80188 12.9264 153.711, 2.13861 12.9395 154.877, 2.44943 12.9434 156.198, 2.63075 12.9382 157.415, 2.96747 12.9651 158.891, 3.2524 12.9852 159.953, 3.69273 13.0089 161.067, 0.973016 12.8671 154.462, -0.063067 12.8442 154.151, -1.38407 12.8181 153.97, -2.39425 12.7946 153.581, -3.35263 12.7835 153.374, -4.44052 12.7974 153.063, 0.40317 12.8558 154.384, -0.814227 12.8293 154.048, -1.90211 12.8073 153.866, -3.50804 12.7842 153.426, -3.63755 12.8015 152.157, -2.54967 12.786 152.597, -1.28046 12.8068 153.038, -0.0371649 12.8344 153.426, 0.429072 12.8311 152.597, -0.917835 12.8005 152.131, -2.05753 12.792 151.768, -3.11951 12.8066 151.38, -2.78278 12.8147 150.499, -1.40997 12.7975 150.862, -0.114871 12.8009 151.147, 0.351366 12.8137 150.396, -0.969639 12.806 149.877, -1.92802 12.8174 149.67, -1.59129 12.8261 148.738, -0.296186 12.8083 149.204, -0.684717 12.8286 147.883, -0.943737 12.8415 147.054]
            typeVegetation 2
            intervalleX 0.5
            intervalleZ 0.5
            aleat 0.1
            nbX 0
            nbZ 0
         }
         DEF Veg_30 IvVegetation
         {
            translation -0.6588 13.1856 135.7608
            largeur 0.1199
            hauteur 0.6
            couleur 0.6998 0.1 0.0
            points [0 0 0, 0.699356 -0.00554371 -0.207214, 1.73544 -0.0185966 -0.466232, 2.66791 0.012064 -0.595749, 3.65219 0.019515 -0.777054, 3.60039 0.0930977 0.18132, 2.74562 0.0884886 0.36264, 1.78724 0.0755472 0.466248, 0.828866 0.0361967 0.621658, 0 -0.0087738 0.93248, -0.777062 -0.0560398 1.32101, -1.1915 -0.0260134 0.466248, -0.181314 -0.0763464 2.09807, 0.647552 -0.0369463 1.89085, 1.68363 0.0136633 1.60593, 2.77152 0.0687752 1.26921, 3.704 0.115635 1.06198, 4.55876 0.152634 1.70953, 3.16005 0.0491247 2.20168, 1.96856 -0.0214176 2.46069, 1.2433 -0.0626936 2.77153, 0.440335 -0.105282 3.05644, 1.1915 -0.127579 4.01483, 2.14987 -0.0538006 3.57449, 3.16005 0.0211554 3.21185, 4.06662 0.0923214 2.74562, 5.12861 0.16702 2.5125, 5.25812 0.223968 3.60039, 4.29974 0.132815 3.91121, 3.31546 0.0374956 4.19614, 2.25348 -0.0613184 4.58467, 1.52822 -0.127827 4.8696, 1.68363 -0.100574 5.82797, 2.40889 -0.040185 5.82797, 3.28956 0.0394239 5.62076, 4.58467 0.163705 5.49124, 5.30992 0.250577 5.38763, 5.38763 0.265234 6.60503, 4.58467 0.169119 6.73454, 3.7299 0.0664272 6.78635, 2.77152 -0.0402813 6.83815, 1.91675 -0.118847 7.07127, 5.46534 0.279214 7.66702, 4.68827 0.185428 7.6152, 3.65219 0.0613575 7.77063, 2.84923 -0.0353212 7.77063, 1.91675 -0.145967 8.00374, 2.22758 -0.0998383 9.24704, 3.08235 -0.0017271 9.03983, 3.98892 0.107314 9.01392, 4.9473 0.222029 8.85851, 5.38763 0.275271 8.91031, 5.43943 0.285908 9.9205, 4.68827 0.195466 9.9205, 3.98892 0.111036 9.8687, 3.23776 0.0237904 10.05, 2.40889 -0.0705471 10.1536, 2.59021 -0.0356884 11.1638, 3.13415 0.0226736 11.112, 4.06662 0.127295 10.9307, 4.89549 0.224814 10.9307, 5.33583 0.278057 10.9825, 5.36173 0.28682 12.0704, 4.79188 0.224263 12.0186, 4.14433 0.155518 12.0963, 3.36727 0.0613632 11.9927, 2.90103 0.000276566 12.174, 2.95284 -0.0240841 13.1324, 3.49678 0.0642748 12.9769, 4.04072 0.146283 12.8992, 4.66237 0.221426 12.951, 5.33583 0.302667 12.951, 5.38763 0.312435 13.8317, 4.45516 0.179328 13.9094, 3.8076 0.0786247 13.9612, 3.57449 0.0119333 14.8937, 4.35155 0.135806 14.7383, 5.23222 0.272095 14.6865, 6.08699 0.340995 15.2304, 5.30992 0.260056 15.4117, 4.66237 0.156829 15.5412, 3.85941 0.0324144 15.593, 3.7299 -0.0172682 16.4996, 4.45516 0.0969791 16.396, 5.15451 0.208122 16.2665, 6.00928 0.299182 16.1888, 6.86405 0.346195 16.1111, 7.30438 0.335217 16.8104, 6.3201 0.277345 17.1472, 5.36173 0.207336 17.2508, 4.37745 0.0475254 17.5357, 4.40335 0.0207376 18.4682, 5.20632 0.148568 18.3128, 6.08699 0.227541 18.1055, 6.78634 0.275388 17.7429, 7.84833 0.344061 17.3544, 8.10735 0.332654 18.0278, 7.30438 0.25908 18.8049, 6.44961 0.199278 19.2452, 5.80206 0.162809 19.3748, 4.89549 0.0575113 19.6338, 4.40335 -0.0253811 19.8669, 4.9732 0.0173664 21.2138, 5.59485 0.101049 20.6699, 6.91585 0.18656 20.1518, 6.63093 0.136464 21.0584, 5.77616 0.0651894 21.8095, 5.20632 0.0267677 22.0168, 4.9732 -0.0235119 22.4571, 5.30992 -0.0302629 23.6227, 6.08699 0.0485287 22.5866, 5.56894 -0.0291233 23.8817]
            pointsMonde [-0.658815 13.1857 135.761, 0.0405412 13.1802 135.554, 1.07662 13.1671 135.295, 2.0091 13.1978 135.165, 2.99338 13.2052 134.984, 2.94157 13.2788 135.942, 2.0868 13.2742 136.123, 1.12843 13.2612 136.227, 0.170052 13.2219 136.382, -0.658815 13.1769 136.693, -1.43588 13.1297 137.082, -1.85031 13.1597 136.227, -0.840129 13.1094 137.859, -0.0112629 13.1488 137.652, 1.02482 13.1994 137.367, 2.11271 13.2545 137.03, 3.04518 13.3013 136.823, 3.89995 13.3383 137.47, 2.50124 13.2348 137.963, 1.30974 13.1643 138.222, 0.584485 13.123 138.532, -0.218479 13.0804 138.817, 0.532681 13.0581 139.776, 1.49106 13.1319 139.335, 2.50124 13.2069 138.973, 3.40781 13.278 138.506, 4.4698 13.3527 138.273, 4.59931 13.4097 139.361, 3.64093 13.3185 139.672, 2.65665 13.2232 139.957, 1.59467 13.1244 140.346, 0.869407 13.0579 140.63, 1.02482 13.0851 141.589, 1.75008 13.1455 141.589, 2.63075 13.2251 141.382, 3.92585 13.3494 141.252, 4.65111 13.4363 141.148, 4.72882 13.4509 142.366, 3.92585 13.3548 142.495, 3.07108 13.2521 142.547, 2.11271 13.1454 142.599, 1.25794 13.0668 142.832, 4.80652 13.4649 143.428, 4.02946 13.3711 143.376, 2.99338 13.2471 143.531, 2.19041 13.1504 143.531, 1.25794 13.0397 143.765, 1.56876 13.0859 145.008, 2.42353 13.184 144.801, 3.3301 13.293 144.775, 4.28848 13.4077 144.619, 4.72882 13.461 144.671, 4.78062 13.4716 145.681, 4.02946 13.3812 145.681, 3.3301 13.2967 145.63, 2.57894 13.2095 145.811, 1.75008 13.1151 145.914, 1.93139 13.15 146.925, 2.47534 13.2084 146.873, 3.40781 13.313 146.692, 4.23668 13.4105 146.692, 4.67701 13.4638 146.743, 4.70291 13.4725 147.831, 4.13307 13.41 147.779, 3.48552 13.3412 147.857, 2.70845 13.2471 147.753, 2.24222 13.186 147.935, 2.29402 13.1616 148.893, 2.83796 13.25 148.738, 3.38191 13.332 148.66, 4.00356 13.4071 148.712, 4.67701 13.4884 148.712, 4.72882 13.4981 149.593, 3.79634 13.365 149.67, 3.14879 13.2643 149.722, 2.91567 13.1976 150.655, 3.69273 13.3215 150.499, 4.5734 13.4578 150.447, 5.42817 13.5267 150.991, 4.65111 13.4458 151.173, 4.00356 13.3425 151.302, 3.20059 13.2181 151.354, 3.07108 13.1684 152.26, 3.79634 13.2827 152.157, 4.4957 13.3938 152.027, 5.35047 13.4849 151.95, 6.20523 13.5319 151.872, 6.64557 13.5209 152.571, 5.66129 13.463 152.908, 4.70291 13.393 153.012, 3.71864 13.2332 153.297, 3.74454 13.2064 154.229, 4.5475 13.3343 154.074, 5.42817 13.4132 153.866, 6.12753 13.4611 153.504, 7.18951 13.5298 153.115, 7.44853 13.5184 153.789, 6.64557 13.4448 154.566, 5.7908 13.385 155.006, 5.14325 13.3485 155.136, 4.23668 13.2432 155.395, 3.74454 13.1603 155.628, 4.31438 13.2031 156.975, 4.93603 13.2867 156.431, 6.25704 13.3723 155.913, 5.97211 13.3222 156.819, 5.11735 13.2509 157.57, 4.5475 13.2125 157.778, 4.31438 13.1622 158.218, 4.65111 13.1554 159.384, 5.42817 13.2342 158.347, 4.91013 13.1566 159.643]
            typeVegetation 1
            intervalleX 0.5
            intervalleZ 0.5
            aleat 0.1
            nbX 0
            nbZ 0
         }
         DEF Veg_31 IvVegetation
         {
            translation 17.4715 12.5684 63.8815
            largeur 0.3
            hauteur 0.6998
            couleur 0.4 0.4 0.4
            points [0 0 0, -0.472506 0.00144386 -0.14175, -0.40163 0.0284796 0.874134, -0.874134 0.0613775 1.8664, -1.32302 0.0946455 2.88228, -1.74827 0.125684 3.8273, -2.0554 0.150774 4.60693, -2.5279 0.187572 5.74094, -3.70917 0.187241 5.22119, -3.35479 0.163543 4.51242, -2.83503 0.143741 4.0163, -2.48065 0.118092 3.23666, -1.84277 0.0860205 2.3389, -1.39389 0.0559473 1.44114, -0.921385 0.0308599 0.732388, -3.44929 0.185431 8.12709, -4.0163 0.186522 7.84359, -4.86681 0.181666 7.65459, -5.07943 0.1519 8.64685, -5.36294 0.121945 9.61549, -5.57557 0.0902319 10.6786, -5.76457 0.0587978 11.7418, -6.1662 0.0190115 13.0175, -5.92994 -0.00380421 13.9389, -5.50469 0.0344381 12.734, -5.05581 0.0736036 11.5055, -4.4888 0.113452 10.3006, -4.06355 0.152868 9.04848]
            pointsMonde [17.4715 12.5686 63.8816, 16.999 12.5701 63.7399, 17.0699 12.5971 64.7557, 16.5974 12.63 65.748, 16.1485 12.6633 66.7639, 15.7232 12.6943 67.7089, 15.4161 12.7194 68.4885, 14.9436 12.7562 69.6226, 13.7623 12.7559 69.1028, 14.1167 12.7322 68.394, 14.6365 12.7124 67.8979, 14.9909 12.6867 67.1183, 15.6287 12.6547 66.2205, 16.0776 12.6246 65.3228, 16.5501 12.5995 64.614, 14.0222 12.7541 72.0087, 13.4552 12.7552 71.7252, 12.6047 12.7503 71.5362, 12.3921 12.7205 72.5285, 12.1086 12.6906 73.4971, 11.8959 12.6589 74.5602, 11.7069 12.6274 75.6234, 11.3053 12.5876 76.8991, 11.5416 12.5648 77.8205, 11.9668 12.6031 76.6156, 12.4157 12.6422 75.3871, 12.9827 12.6821 74.1822, 13.408 12.7215 72.9301]
            typeVegetation 16
            intervalleX 0.5
            intervalleZ 0.5
            aleat 0.1
            nbX 0
            nbZ 0
         }
         DEF Veg_32 IvVegetation
         {
            translation 6.5767 13.4208 100.496
            largeur 0.4
            hauteur 1.3997
            couleur 0.5 0.3 0.0
            points [0 0 0, 0.282277 -0.00499916 0.793907, 0.705692 -0.0186911 1.58781, 1.7113 -0.0792704 1.58781, 2.76984 -0.138112 1.55253, 3.65196 -0.18781 1.51724, 4.69285 -0.247726 1.46432, 6.21009 -0.225676 2.17001, 6.51001 -0.199012 3.14034, 6.80993 -0.183739 4.1283, 6.98635 -0.167647 5.1692, 7.18042 -0.154284 6.03367, 7.39213 -0.139284 7.004, 7.65676 -0.123193 8.04489, 7.93904 -0.105192 9.20929, 8.20367 -0.0896463 10.2149, 8.39774 -0.074646 11.1852, 8.64473 -0.0588284 12.2085, 8.90936 -0.0430098 13.2317, 9.174 -0.0247364 14.4138, 9.42099 -0.00782681 15.5076, 9.65034 0.000909805 16.3721, 9.91498 0.0136385 17.5894, 10.1636 0.0146542 18.4538, 10.4812 0.0190105 19.7241, 10.7635 0.0254793 20.9943, 11.0457 0.0293512 22.1235, 11.3104 0.0336304 23.2173, 11.5574 0.0392904 24.3287, 11.9102 0.0395851 25.4931, 12.1396 0.0476007 26.6752, 12.4042 0.0515547 27.7513, 12.6512 0.0536442 28.6687, 12.9687 0.0428324 29.6567, 12.9687 0.0629864 30.2389, 12.563 0.063302 30.9975, 12.069 0.0674314 31.6856, 11.328 0.0783434 32.0208, 10.5165 0.087636 32.2854, 9.68728 0.0983543 32.603, 8.75224 0.111678 33.0088, 7.92305 0.130591 33.4145, 7.97555 0.133795 33.4498, 7.92263 0.163431 34.3496, 7.85206 0.202326 35.5316, 7.92263 0.243402 36.6254, 7.94027 0.286836 37.8427, 7.9932 0.33779 39.2365, 8.01084 0.372545 40.2068, 8.06376 0.408622 41.1771, 8.08141 0.448337 42.2886, 8.06376 0.483012 43.2942]
            pointsMonde [6.57674 13.4208 100.496, 6.85902 13.4158 101.29, 7.28244 13.4022 102.084, 8.28805 13.3416 102.084, 9.34659 13.2827 102.049, 10.2287 13.233 102.013, 11.2696 13.1731 101.96, 12.7868 13.1952 102.666, 13.0868 13.2218 103.636, 13.3867 13.2371 104.624, 13.5631 13.2532 105.665, 13.7572 13.2666 106.53, 13.9689 13.2816 107.5, 14.2335 13.2977 108.541, 14.5158 13.3157 109.705, 14.7804 13.3312 110.711, 14.9745 13.3462 111.681, 15.2215 13.362 112.704, 15.4861 13.3778 113.728, 15.7507 13.3961 114.91, 15.9977 13.413 116.004, 16.2271 13.4218 116.868, 16.4917 13.4345 118.085, 16.7404 13.4355 118.95, 17.0579 13.4399 120.22, 17.3402 13.4463 121.49, 17.6225 13.4502 122.619, 17.8871 13.4545 123.713, 18.1341 13.4601 124.825, 18.487 13.4604 125.989, 18.7163 13.4684 127.171, 18.9809 13.4724 128.247, 19.2279 13.4745 129.165, 19.5455 13.4637 130.153, 19.5455 13.4838 130.735, 19.1397 13.4841 131.494, 18.6457 13.4883 132.182, 17.9048 13.4992 132.517, 17.0932 13.5085 132.781, 16.264 13.5192 133.099, 15.329 13.5325 133.505, 14.4998 13.5514 133.911, 14.5523 13.5546 133.946, 14.4994 13.5843 134.846, 14.4288 13.6232 136.028, 14.4994 13.6642 137.121, 14.517 13.7077 138.339, 14.5699 13.7586 139.732, 14.5876 13.7934 140.703, 14.6405 13.8295 141.673, 14.6582 13.8692 142.785, 14.6405 13.9039 143.79]
            typeVegetation 5
            intervalleX 0.5
            intervalleZ 0.5
            aleat 0.1
            nbX 0
            nbZ 0
         }
         DEF Veg_34 IvVegetation
         {
            translation 18.2117 13.0262 117.5363
            largeur 0.1298
            hauteur 1.3997
            couleur 0.5 0.5 0.0
            points [0 0 0, 0.019577 0.050169 0.783043, 0.019577 0.128346 1.91846, 0.567705 0.0854702 2.81895, 0.880922 0.0932665 4.05225, 1.01795 0.113162 5.05062, 1.17456 0.149172 6.44052, 1.54651 0.115044 7.49763, 1.801 0.108449 8.53516, 1.95761 0.127757 9.61184, 2.17294 0.130898 10.6298, 2.50573 0.146757 12.0784, 2.83853 0.139961 13.3509, 3.11259 0.136524 14.4276, 3.3475 0.152444 15.6021, 3.64114 0.160604 16.9137, 3.7586 0.202312 17.9512, 4.07182 0.222072 19.4977, 2.32955 0.4547 15.4651, 2.25125 0.405218 14.4863, 1.89888 0.38705 13.1355, 1.62481 0.377066 12.1371, 1.44863 0.347895 11.1388, 1.19414 0.329841 9.74887, 0.763466 0.343009 8.12406, 0.528553 0.345806 7.16483, 0.176184 0.376422 6.14688, 1.98895 0.494472 17.0116, 2.24344 0.539409 17.9121, 2.85029 0.406821 19.0867, 3.418 0.340061 20.4178, 3.86825 0.27284 21.4358, 4.08359 0.284712 22.7278, 4.3185 0.265862 23.8828, 4.53383 0.250826 24.9595, 3.9074 0.732663 25.3314, 3.73122 0.720504 24.2547, 3.4963 0.739385 23.0997, 3.24182 0.786555 22.0622, 2.9286 0.801044 20.9072, 2.57623 0.756639 19.7327, 0.794809 0.517122 16.1698, -0.086113 0.538059 16.4439, -1.12364 0.568333 16.8354, -2.16117 0.587381 17.0899, -2.88549 0.589489 17.3248, -3.1987 0.605285 18.1078, -3.00294 0.653194 19.2628, -3.02252 0.689607 20.3199, -2.82676 0.734764 21.3966, -2.80718 0.781509 22.7082, -2.72888 0.831777 24.059, -2.37651 0.878428 25.0182, -1.98499 0.917598 25.7229]
            pointsMonde [18.2118 13.0263 117.537, 18.2314 13.0765 118.32, 18.2314 13.1546 119.455, 18.7795 13.1118 120.355, 19.0927 13.1196 121.589, 19.2298 13.1394 122.587, 19.3864 13.1755 123.977, 19.7583 13.1413 125.034, 20.0128 13.1347 126.072, 20.1694 13.154 127.148, 20.3848 13.1572 128.166, 20.7176 13.173 129.615, 21.0504 13.1662 130.887, 21.3244 13.1628 131.964, 21.5593 13.1787 133.139, 21.853 13.1869 134.45, 21.9704 13.2286 135.488, 22.2836 13.2484 137.034, 20.5414 13.481 133.002, 20.4631 13.4315 132.023, 20.1107 13.4133 130.672, 19.8366 13.4034 129.674, 19.6605 13.3742 128.675, 19.406 13.3561 127.285, 18.9753 13.3693 125.661, 18.7404 13.3721 124.701, 18.388 13.4027 123.683, 20.2008 13.5208 134.548, 20.4553 13.5657 135.449, 21.0621 13.4331 136.623, 21.6298 13.3663 137.954, 22.0801 13.2991 138.972, 22.2954 13.311 140.264, 22.5303 13.2921 141.419, 22.7457 13.2771 142.496, 22.1192 13.7589 142.868, 21.943 13.7468 141.791, 21.7081 13.7657 140.636, 21.4536 13.8128 139.599, 21.1404 13.8273 138.444, 20.7881 13.7829 137.269, 19.0066 13.5434 133.706, 18.1257 13.5643 133.98, 17.0882 13.5946 134.372, 16.0507 13.6137 134.626, 15.3263 13.6158 134.861, 15.0131 13.6316 135.644, 15.2089 13.6795 136.799, 15.1893 13.7159 137.856, 15.3851 13.761 138.933, 15.4046 13.8078 140.245, 15.4829 13.8581 141.596, 15.8353 13.9047 142.555, 16.2268 13.9439 143.259]
            typeVegetation 3
            intervalleX 0.5
            intervalleZ 0.5
            aleat 0.1
            nbX 0
            nbZ 0
         }
         DEF Veg_42 IvVegetation
         {
            translation 11.1856 12.0563 118.015
            largeur 0.1298
            hauteur 1.3997
            couleur 0.5 0.4 0.0
            points [0 0 0, -0.388306 -0.058198 0.523369, -0.911674 -0.106426 1.11427, -1.19868 -0.107811 2.12724, -1.31686 -0.0906744 3.22462, -1.35063 -0.13636 4.22072, -1.45193 -0.117933 5.09863, -1.51946 -0.13636 6.16225, -1.58699 -0.13636 7.09081, -1.60387 -0.13636 7.79988, -1.68829 -0.13636 8.76221, -1.94153 -0.13636 9.74141, -2.09348 -0.129729 11.3115, -2.24542 -0.119069 12.1388, -2.58308 -0.0780773 13.3206, -2.80256 -0.076972 14.3842, -3.02203 -0.052721 15.3128, -3.22463 -0.0636759 16.3933, -3.34281 -0.03825 17.5244, -3.4441 -0.0205803 18.6556, -3.51011 -0.0375423 19.9218, -3.62829 -0.00694466 21.0529, -3.66205 -0.0225306 22.0997, -3.67894 -0.012516 23.4503, -3.42569 0.0236759 24.4801, -3.40881 0.00700092 25.5775, -3.40881 0.00564003 26.6243, -3.39193 -0.0111446 27.8061, -3.42569 0.0180798 28.7853, -3.39193 -0.0137119 29.7814, -3.34128 0.0433273 30.6762, -2.91921 -0.00267124 31.419, -2.51402 0.04953 31.9593, -1.92312 0.0595217 32.5501]
            pointsMonde [11.1856 12.0564 118.015, 10.7973 11.9982 118.539, 10.274 11.9499 119.13, 9.98694 11.9485 120.143, 9.86876 11.9657 121.24, 9.835 11.92 122.236, 9.7337 11.9384 123.114, 9.66617 11.92 124.178, 9.59864 11.92 125.106, 9.58175 11.92 125.815, 9.49734 11.92 126.777, 9.2441 11.92 127.757, 9.09215 11.9266 129.327, 8.94021 11.9373 130.154, 8.60255 11.9783 131.336, 8.38307 11.9794 132.399, 8.16359 12.0036 133.328, 7.961 11.9927 134.409, 7.84282 12.0181 135.54, 7.74152 12.0358 136.671, 7.67552 12.0188 137.937, 7.55734 12.0494 139.068, 7.52357 12.0338 140.115, 7.50669 12.0438 141.466, 7.75993 12.08 142.495, 7.77681 12.0634 143.593, 7.77681 12.062 144.64, 7.7937 12.0452 145.821, 7.75993 12.0744 146.801, 7.7937 12.0426 147.797, 7.84435 12.0997 148.691, 8.26642 12.0537 149.434, 8.67161 12.1059 149.975, 9.26251 12.1159 150.565]
            typeVegetation 4
            intervalleX 0.5
            intervalleZ 0.5
            aleat 0.1
            nbX 0
            nbZ 0
         }
         DEF Veg_47 IvVegetation
         {
            translation 20.6284 14.6732 142.149
            largeur 0.1199
            hauteur 1.0
            couleur 1.0 0.3 0.0
            points [0 0 0, -0.80098 0.00558662 0.400482, -1.8022 0.0125151 0.889969, -2.71443 0.0189581 1.4017, -3.62666 0.00647545 1.75771, -4.62788 -0.0381041 2.22493, -5.7181 -0.0866899 2.73668, -6.96407 -0.141025 3.24841]
            pointsMonde [20.6285 14.6735 142.149, 19.8275 14.679 142.549, 18.8263 14.686 143.039, 17.9141 14.6924 143.551, 17.0018 14.6799 143.907, 16.0006 14.6353 144.374, 14.9104 14.5868 144.886, 13.6644 14.5324 145.397]
            typeVegetation 8
            intervalleX 0.5
            intervalleZ 0.5
            aleat 0.1
            nbX 0
            nbZ 0
         }
         DEF Veg_48 IvVegetation
         {
            translation 19.5123 13.7747 136.5361
            largeur 0.1098
            hauteur 1.3997
            couleur 0.5 0.5 0.0
            points [0 0 0, -0.608881 0.019434 0.250076, -1.1634 0.0281019 0.467529, -1.20689 0.0612001 1.45697, -1.20689 0.094759 2.41379, -1.09816 0.13729 3.51195, -1.09816 0.172374 4.51225, -0.587135 0.169559 5.50169, 0.184839 0.0472279 0.576263, 0.369678 0.120924 1.50046, 0.587137 0.180053 2.95743, 0.761103 0.179475 3.92511, 0.956816 0.161639 4.62099, 1.69617 0.0998354 6.98039, 1.51133 0.116394 6.3389, 0.695866 0.121434 6.76294, 0.065237 0.125821 7.06738, 0.358807 0.107061 7.71976, -2.41378 0.119964 9.35069, -2.70735 0.142254 8.53522, -3.56631 0.148431 8.93752, -4.09908 0.150869 9.25284, -3.39234 0.126806 9.81822]
            pointsMonde [19.5123 13.7747 136.536, 18.9035 13.7941 136.786, 18.3489 13.8028 137.004, 18.3055 13.8359 137.993, 18.3055 13.8695 138.95, 18.4142 13.912 140.048, 18.4142 13.9471 141.048, 18.9252 13.9443 142.038, 19.6972 13.8219 137.112, 19.882 13.8956 138.037, 20.0995 13.9548 139.494, 20.2734 13.9542 140.461, 20.4692 13.9363 141.157, 21.2085 13.8745 143.517, 21.0237 13.8911 142.875, 20.2082 13.8961 143.299, 19.5776 13.9005 143.604, 19.8711 13.8818 144.256, 17.0986 13.8947 145.887, 16.805 13.917 145.071, 15.946 13.9231 145.474, 15.4133 13.9256 145.789, 16.12 13.9015 146.354]
            typeVegetation 3
            intervalleX 0.5
            intervalleZ 0.5
            aleat 0.1
            nbX 0
            nbZ 0
         }
         DEF Veg_23 IvVegetation
         {
            translation -7.8862 12.8383 106.901
            largeur 0.5
            hauteur 0.6
            couleur 0.6999 0.1 0.0
            points [0 0 0, -0.569677 -0.00695133 0.988029, -1.20166 -0.0732021 0.810005, -0.747701 -0.0611229 -0.0356064, -2.1627 0.0762815 -0.0574646, -2.92032 0.115917 1.17833, -3.26808 0.13873 1.98563, -3.00105 0.00359821 3.15932, -2.64087 -0.0729275 4.10325, -3.16241 -0.0448246 4.95403, -3.80826 -0.115798 5.93521, -4.39821 -0.00408554 6.64315, -4.99437 -0.0421915 7.5436, -5.68368 0.0551214 8.36954, -6.18669 0.0225286 9.07748, -6.94013 0.0151625 10.0152, -7.59218 0.00906277 10.8908, -8.23181 0.0156059 11.6919, -8.92734 0.0291386 12.5116, -9.60134 -0.00529385 13.4431, -10.2161 -0.0284719 14.2691, -10.8558 -0.0363245 15.0515, -11.4209 -0.0669374 15.8154, -11.9798 -0.0862274 16.5233, -12.5325 -0.101377 17.2064]
            pointsMonde [-7.8863 12.8383 106.901, -8.45598 12.8314 107.889, -9.08796 12.7651 107.711, -8.634 12.7772 106.865, -10.049 12.9146 106.844, -10.8066 12.9542 108.079, -11.1544 12.9771 108.887, -10.8874 12.8419 110.06, -10.5272 12.7654 111.004, -11.0487 12.7935 111.855, -11.6946 12.7225 112.836, -12.2845 12.8342 113.544, -12.8807 12.7961 114.445, -13.57 12.8934 115.271, -14.073 12.8608 115.978, -14.8264 12.8535 116.916, -15.4785 12.8474 117.792, -16.1181 12.8539 118.593, -16.8136 12.8675 119.413, -17.4876 12.833 120.344, -18.1024 12.8098 121.17, -18.7421 12.802 121.953, -19.3072 12.7714 122.716, -19.8661 12.7521 123.424, -20.4188 12.7369 124.107]
            typeVegetation 1
            intervalleX 0.5
            intervalleZ 0.5
            aleat 0.1
            nbX 0
            nbZ 0
         }
      }
   }
}
