#Inventor V2.1 ascii

IvFichier
{
    nomRepertoireTexture "/Users/chevrier/Projets/Textures"
    visualiserTextures 1
   DEF ZONE1 IvZone
   {
      IvTerrain
      {
         fichier "ville.iv"
         resx 1000
         resy 500
         autreTexture TRUE 
      }
      DEF MNE IvTerrain
      {
         fichier "../SolVille/solVilleCombine.wrl"
         resx 1000
         resy 500
         autreTexture TRUE 
         DEF Veg_4 IvVegetation
         {
            translation 26.0 12.81 75.8113
            largeur 0.15
            hauteur 0.15
            couleur 0.0 1.0 0.0
            typeTexture 22
            points [0 0 0, -0.705971 -0.0114927 0.13237, -1.29428 -0.0209675 0.294159, -1.83847 -0.0175314 0.485359, -2.52973 0.00643158 0.66185, -3.16216 0.0283041 0.823631]
            pointsMonde [26.3854 12.8103 75.8113, 25.6794 12.7988 75.9437, 25.0911 12.7893 76.1055, 24.5469 12.7927 76.2967, 23.8557 12.8167 76.4732, 23.2232 12.8386 76.635]
            typeVegetation 12
            intervalleX 0.5
            intervalleZ 0.5
            aleat 0.1
            nbX 0
            nbZ 0
         }
         DEF Veg_5 IvVegetation
         {
            translation 21.6 12.8964 82.106
            largeur 0.5
            hauteur 0.6
            couleur 0.6 0.0 0.0
            typeTexture 10
            points [0 0 0]
            pointsMonde [0 0 0]
            typeVegetation 0
            intervalleX 0.5
            intervalleZ 0.5
            aleat 0.1
            nbX 0
            nbZ 0
         }
         DEF Veg_11 IvVegetation
         {
            translation 26.6499 12.8535 71.55
            largeur 0.15
            hauteur 0.15
            couleur 0.0 1.0 0.0
            typeTexture 22
            points [0 0 0, -0.509224 -0.0128384 0.0308609, -1.2962 -0.00818539 0.0925903, -1.66655 0.000164032 0.108017, -2.08318 0.00652313 0.123451, 0.324047 0.00774765 -0.0308609, 0.200602 0.0102291 -0.663528, -0.0771561 0.00526237 -0.632668, -0.478363 -0.00169945 -0.617241, -1.28077 -0.0122519 -0.601807, -1.60482 -0.0120125 -0.570946, -1.89801 -0.0154972 -0.555511]
            pointsMonde [26.5482 12.8537 71.7407, 26.039 12.8409 71.7716, 25.252 12.8455 71.8333, 24.8817 12.8539 71.8487, 24.4651 12.8602 71.8641, 26.8723 12.8615 71.7098, 26.7488 12.8639 71.0772, 26.4711 12.859 71.108, 26.0699 12.852 71.1235, 25.2675 12.8415 71.1389, 24.9434 12.8417 71.1697, 24.6502 12.8382 71.1852]
            typeVegetation 12
            intervalleX 0.5
            intervalleZ 0.5
            aleat 0.1
            nbX 0
            nbZ 0
         }
         DEF Veg_12 IvVegetation
         {
            translation 20.8999 12.7945 89.249
            largeur 0.15
            hauteur 0.15
            couleur 0.0 1.0 0.0
            typeTexture 22
            points [0 0 0, 0 -0.0106812 0.643845, 0.0877953 -0.0246458 1.40475, 0.0877953 -0.0162363 1.93153, 0.204857 -0.00312614 2.60465, 0.292652 0.00304699 3.39482, 0.321922 0.0109406 4.77031, 0.351187 0.0193663 5.44342, 0.409718 0.0267744 6.058, 0.468248 0.0304241 6.70184]
            pointsMonde [21.0127 12.795 89.2491, 21.0127 12.7843 89.893, 21.1005 12.7704 90.6539, 21.1005 12.7788 91.1807, 21.2176 12.7919 91.8538, 21.3054 12.798 92.644, 21.3347 12.8059 94.0194, 21.3639 12.8144 94.6926, 21.4225 12.8218 95.3071, 21.481 12.8254 95.951]
            typeVegetation 12
            intervalleX 0.5
            intervalleZ 0.5
            aleat 0.1
            nbX 0
            nbZ 0
         }
         DEF Veg_13 IvVegetation
         {
            translation 23.5 12.9048 105.0998
            largeur 0.5
            hauteur 0.6
            couleur 0.6 0.0 0.0
            typeTexture 10
            points [0 0 0, 0.880037 -0.02565 -0.473869, 0.699516 -0.0370388 -1.19595, 0.609257 -0.0594902 -2.00829, 0.518997 -0.0860233 -2.54984, 0.270782 -0.124029 -3.47502, 0.180523 -0.139259 -4.03914, -0.112823 -0.155976 -5.12225]
            pointsMonde [23.9353 12.905 105.459, 24.8154 12.8794 104.985, 24.6348 12.868 104.263, 24.5446 12.8455 103.451, 24.4543 12.819 102.909, 24.2061 12.781 101.984, 24.1158 12.7658 101.42, 23.8225 12.749 100.337]
            typeVegetation 0
            intervalleX 0.5
            intervalleZ 0.5
            aleat 0.1
            nbX 0
            nbZ 0
         }
         DEF Veg_14 IvVegetation
         {
            translation 18.294 12.8844 104.3096
            largeur 0.5
            hauteur 0.6
            couleur 0.6 0.0 0.0
            typeTexture 10
            points [0 0 0, 0.135389 0.0227404 1.15081, -0.0676956 -0.0192528 -1.14977, -1.19595 -0.0411415 -9.11521]
            pointsMonde [18.2941 12.8844 104.31, 18.4295 12.9072 105.46, 18.2264 12.8652 103.16, 17.0981 12.8433 95.1944]
            typeVegetation 0
            intervalleX 0.5
            intervalleZ 0.5
            aleat 0.1
            nbX 0
            nbZ 0
         }
         DEF Veg_15 IvVegetation
         {
            translation 18.2262 12.8472 102.009
            largeur 0.3
            hauteur 0.6999
            couleur 0.3 0.3 0.3
            typeTexture 25
            points [0 0 0, -0.36104 -0.00474548 -1.06055, -0.518995 -0.0154819 -2.86576, -0.654385 -0.0228252 -4.21966, -0.428736 -0.0311975 -5.66382]
            pointsMonde [18.2264 12.8474 102.009, 17.8653 12.8426 100.948, 17.7074 12.8319 99.1433, 17.572 12.8246 97.7894, 17.7976 12.8162 96.3452]
            typeVegetation 15
            intervalleX 0.5
            intervalleZ 0.5
            aleat 0.1
            nbX 0
            nbZ 0
         }
         DEF Veg_16 IvVegetation
         {
            translation 22.1 12.9651 122.4
            largeur 0.15
            hauteur 0.15
            couleur 1.0 0.0 0.0
            typeTexture 23
            points [0 0 0, 0.0590878 -0.00236893 0.551476]
            pointsMonde [22.2564 12.9652 122.536, 22.3154 12.9628 123.088]
            typeVegetation 13
            intervalleX 0.5
            intervalleZ 0.5
            aleat 0.1
            nbX 0
            nbZ 0
         }
         DEF Veg_17 IvVegetation
         {
            translation 22.7999 12.9757 114.6184
            largeur 0.15
            hauteur 0.15
            couleur 1.0 0.0 0.0
            typeTexture 23
            points [0 0 0, -0.630257 -0.00907516 0.157562]
            pointsMonde [23.3199 12.976 114.619, 22.6897 12.9669 114.776]
            typeVegetation 13
            intervalleX 0.5
            intervalleZ 0.5
            aleat 0.1
            nbX 0
            nbZ 0
         }
         DEF Veg_18 IvVegetation
         {
            translation 27.1 12.9799 121.8469
            largeur 0.15
            hauteur 0.15
            couleur 1.0 0.0 0.0
            typeTexture 23
            points [0 0 0, -0.0196953 -0.0102167 -0.689346]
            pointsMonde [27.6332 12.9803 121.847, 27.6135 12.9701 121.158]
            typeVegetation 13
            intervalleX 0.5
            intervalleZ 0.5
            aleat 0.1
            nbX 0
            nbZ 0
         }
         DEF Veg_19 IvVegetation
         {
            translation 23.3157 12.9967 110.9291
            largeur 1.0
            hauteur 1.0
            couleur 1.0 0.5 0.0
            typeTexture 16
            points [0 0 0, -0.0790977 -0.00712395 -0.988724, -1.81925 0.00574398 -0.098877, -1.32489 0.000917435 0.889847, -0.870077 -0.000116348 -0.711884]
            pointsMonde [23.3158 12.9967 110.929, 23.2367 12.9896 109.94, 21.4965 13.0025 110.83, 21.9909 12.9977 111.819, 22.4457 12.9966 110.217]
            typeVegetation 6
            intervalleX 0.5
            intervalleZ 0.5
            aleat 0.1
            nbX 0
            nbZ 0
         }
         DEF Veg_21 IvVegetation
         {
            translation 29.5767 12.5122 95.5108
            largeur 0.5
            hauteur 0.6
            couleur 0.6999 0.1 0.0
            typeTexture 11
            points [0 0 0, -0.15176 0.0095787 0.650406, -1.01897 0.0373802 0.715446, -0.997286 0.0317144 0.216797, -1.90785 0.0660448 0.693764, -1.95121 0.0588503 0.216797, -2.77506 0.077508 0.30352, -2.7317 0.0887136 0.867203, -3.36042 0.102934 0.867203, -3.79403 0.0968513 0.173439, -4.72627 0.117866 0.216797, -4.16259 0.125318 0.910561, -5.05147 0.16116 0.780479, -5.39836 0.1545 0.238472, -5.44172 0.186529 0.802162, -5.98372 0.230442 0.953926, -5.96204 0.195354 0.260162, -6.85093 0.285928 0.975601, -6.91597 0.266557 0.30352]
            pointsMonde [29.5767 12.5122 95.5108, 29.4249 12.5218 96.1612, 28.5577 12.5496 96.2263, 28.5794 12.5439 95.7276, 27.6689 12.5783 96.2046, 27.6255 12.5711 95.7276, 26.8016 12.5897 95.8143, 26.845 12.6009 96.378, 26.2163 12.6152 96.378, 25.7827 12.6091 95.6843, 24.8504 12.6301 95.7276, 25.4141 12.6375 96.4214, 24.5252 12.6734 96.2913, 24.1783 12.6667 95.7493, 24.135 12.6988 96.313, 23.593 12.7427 96.4648, 23.6147 12.7076 95.771, 22.7258 12.7982 96.4864, 22.6607 12.7788 95.8143]
            typeVegetation 1
            intervalleX 0.5
            intervalleZ 0.5
            aleat 0.1
            nbX 0
            nbZ 0
         }
         DEF Veg_22 IvVegetation
         {
            translation 22.1 12.8998 104.6397
            largeur 0.3
            hauteur 0.6999
            couleur 0.4 0.4 0.4
            typeTexture 26
            points [0 0 0, 0.0593243 0.0251064 0.810753, -0.0988712 -0.0213737 -0.751419, -0.158195 -0.0291882 -1.56218, -0.296616 -0.0325174 -2.33337, -0.415262 -0.0463791 -3.08482, -0.435036 -0.0692377 -3.93512, -0.514133 -0.0824261 -4.88429, -0.632782 -0.085927 -5.91255, -0.751427 -0.0814562 -6.86174, -1.34466 -0.0729275 -6.70354, -1.22601 -0.0673199 -5.47752, -1.32489 -0.0578899 -4.80519, -1.22601 -0.0376911 -3.81647, -1.20624 -0.0225172 -3.12437, -1.22601 -0.0126438 -2.41248, -1.10737 -0.00895309 -1.70059, -0.949173 -0.0064373 -0.810753, -0.8503 0.0152426 0.237297, -0.870075 0.0248747 0.731659, -1.8588 -0.00827599 -0.652557, -1.99722 -0.0171404 -2.88707, -2.29384 -0.0334511 -3.7176, -1.72038 -0.0613537 -7.59338, -1.34466 -0.064805 -7.89001, -0.8503 -0.0732546 -7.89001]
            pointsMonde [22.4135 12.8998 104.64, 22.4728 12.9249 105.45, 22.3146 12.8785 103.888, 22.2553 12.8707 103.078, 22.1169 12.8673 102.306, 21.9982 12.8535 101.555, 21.9785 12.8306 100.705, 21.8994 12.8174 99.7554, 21.7807 12.8139 98.7272, 21.6621 12.8184 97.778, 21.0688 12.8269 97.9362, 21.1875 12.8325 99.1622, 21.0886 12.8419 99.8345, 21.1875 12.8621 100.823, 21.2072 12.8773 101.515, 21.1875 12.8872 102.227, 21.3061 12.8909 102.939, 21.4643 12.8934 103.829, 21.5632 12.9151 104.877, 21.5434 12.9247 105.371, 20.5547 12.8916 103.987, 20.4163 12.8827 101.753, 20.1196 12.8664 100.922, 20.6931 12.8385 97.0463, 21.0688 12.835 96.7497, 21.5632 12.8266 96.7497]
            typeVegetation 16
            intervalleX 0.5
            intervalleZ 0.5
            aleat 0.1
            nbX 0
            nbZ 0
         }
         DEF Veg_25 IvVegetation
         {
            translation 23.155 12.9561 125.8973
            largeur 0.3
            hauteur 0.6999
            couleur 0.3 0.3 0.3
            typeTexture 25
            points [0 0 0, -0.644022 0.00126839 -2.00568, -1.04884 0.0147228 -3.93774, -1.52725 0.0442934 -5.57539, -1.93207 0.0651636 -7.10266]
            pointsMonde [23.1553 12.9561 125.898, 22.5112 12.9574 123.892, 22.1064 12.9708 121.96, 21.628 13.0004 120.322, 21.2232 13.0213 118.795]
            typeVegetation 15
            intervalleX 0.5
            intervalleZ 0.5
            aleat 0.1
            nbX 0
            nbZ 0
         }
         DEF Veg_26 IvVegetation
         {
            translation 23.0079 12.9523 125.3824
            largeur 0.15
            hauteur 0.15
            couleur 0.0 1.0 0.0
            typeTexture 22
            points [0 0 0, -0.147205 -0.00348186 -0.680824, -1.06724 0.0289478 -4.19535, -1.50885 0.0558987 -5.8698]
            pointsMonde [23.008 12.9523 125.382, 22.8608 12.9489 124.702, 21.9408 12.9813 121.187, 21.4992 13.0082 119.513]
            typeVegetation 12
            intervalleX 0.5
            intervalleZ 0.5
            aleat 0.1
            nbX 0
            nbZ 0
         }
         DEF Veg_27 IvVegetation
         {
            translation 26.7985 12.9554 126.2126
            largeur 0.5
            hauteur 0.6
            couleur 0.6 0.0 0.0
            typeTexture 10
            points [0 0 0, -1.03044 -0.0120649 0.183998]
            pointsMonde [26.7986 12.9555 126.413, 25.7682 12.9434 126.597]
            typeVegetation 0
            intervalleX 0.5
            intervalleZ 0.5
            aleat 0.1
            nbX 0
            nbZ 0
         }
         DEF Veg_28 IvVegetation
         {
            translation 21.2 12.8022 93.5363
            largeur 0.5
            hauteur 0.6
            couleur 0.6 0.0 0.0
            typeTexture 10
            points [0 0 0, -0.798027 0.0110645 0.0747986, -1.67087 0.00798416 0.0747986, -3.34174 0.0282974 0.14962, -4.33927 0.0462646 0.0997467, -0.274321 0.00273514 -0.798035, -0.773087 0.00836563 -0.698288, -1.27185 0.00455093 -0.723221, -1.8205 0.000993729 -0.723221, -2.71828 0.0112495 -0.623466, -3.11729 0.0152826 -0.598526, -3.74075 0.0196772 -0.723221, -4.31433 0.0343637 -0.573593]
            pointsMonde [21.3317 12.8022 93.5368, 20.5337 12.8133 93.6116, 19.6608 12.8102 93.6116, 17.99 12.8305 93.6864, 16.9924 12.8485 93.6366, 21.0574 12.805 92.7388, 20.5586 12.8106 92.8385, 20.0598 12.8068 92.8136, 19.5112 12.8032 92.8136, 18.6134 12.8135 92.9134, 18.2144 12.8175 92.9383, 17.5909 12.8219 92.8136, 17.0174 12.8366 92.9632]
            typeVegetation 0
            intervalleX 0.5
            intervalleZ 0.5
            aleat 0.1
            nbX 0
            nbZ 0
         }
         DEF Veg_32 IvVegetation
         {
            translation 26.2999 12.9371 113.8
            largeur 1.0
            hauteur 1.0
            couleur 1.0 0.5 0.0
            typeTexture 16
            points [0 0 0]
            pointsMonde [0 0 0]
            typeVegetation 6
            intervalleX 0.5
            intervalleZ 0.5
            aleat 0.1
            nbX 0
            nbZ 0
         }
         DEF Veg_47 IvVegetation
         {
            translation 40.4244 12.526 74.6977
            largeur 0.15
            hauteur 0.15
            couleur 0.0 1.0 0.0
            typeTexture 22
            points [0 0 0, -0.17329 0.00516129 -0.641167, 0.450554 0.0118237 -0.918434, 1.23036 0.0200825 -1.12638, 1.38632 0.013114 -0.346573, 2.56469 0.0378504 -1.47296, 2.8073 0.0346317 -0.953094, 2.98059 0.0287619 -0.259933]
            pointsMonde [40.4244 12.5261 74.6978, 40.2511 12.5313 74.0566, 40.875 12.5379 73.7793, 41.6548 12.5462 73.5714, 41.8107 12.5392 74.3512, 42.9891 12.5639 73.2248, 43.2317 12.5607 73.7447, 43.405 12.5549 74.4378]
            typeVegetation 12
            intervalleX 0.5
            intervalleZ 0.5
            aleat 0.1
            nbX 0
            nbZ 0
         }
         DEF Veg_48 IvVegetation
         {
            translation 49.4 12.5155 68.6996
            largeur 0.3
            hauteur 0.6999
            couleur 0.4 0.4 0.4
            typeTexture 26
            points [0 0 0, 1.18921 -0.0384064 1.09011]
            pointsMonde [49.1184 12.5156 68.3889, 50.3076 12.4772 69.479]
            typeVegetation 16
            intervalleX 0.5
            intervalleZ 0.5
            aleat 0.1
            nbX 0
            nbZ 0
         }
         DEF Veg_49 IvVegetation
         {
            translation 49.5973 12.4994 70.4039
            largeur 0.15
            hauteur 0.15
            couleur 0.0 1.0 0.0
            typeTexture 22
            points [0 0 0, -0.495499 0.0142469 0.297302, -1.10662 0.028801 0.594604, -1.51955 0.0380135 0.809326, -0.396404 0.0128746 -0.528534, -0.908424 0.0294876 -1.17269, -1.73427 0.0528517 -0.660667, -2.22977 0.0685778 -1.13966, -2.51056 0.0755053 -0.809319, -2.19674 0.0642319 -0.379883, -1.81685 0.0495701 0.280785]
            pointsMonde [49.5974 12.4994 70.4039, 49.1019 12.5137 70.7012, 48.4908 12.5282 70.9985, 48.0779 12.5374 71.2132, 49.201 12.5123 69.8754, 48.689 12.5289 69.2312, 47.8631 12.5523 69.7432, 47.3676 12.568 69.2643, 47.0868 12.5749 69.5946, 47.4007 12.5636 70.024, 47.7805 12.549 70.6847]
            typeVegetation 12
            intervalleX 0.5
            intervalleZ 0.5
            aleat 0.1
            nbX 0
            nbZ 0
         }
         DEF Veg_50 IvVegetation
         {
            translation 51.3725 12.4441 70.3488
            largeur 0.15
            hauteur 0.15
            couleur 0.0 1.0 0.0
            typeTexture 22
            points [0 0 0, -0.366817 0.0106792 0.300117]
            pointsMonde [51.3726 12.4445 70.3491, 51.0058 12.4552 70.6492]
            typeVegetation 12
            intervalleX 0.5
            intervalleZ 0.5
            aleat 0.1
            nbX 0
            nbZ 0
         }
         DEF Veg_51 IvVegetation
         {
            translation 36.2863 12.7356 102.6996
            largeur 0.2
            hauteur 0.4
            couleur 0.0 0.0 0.4
            typeTexture 20
            points [0 0 0, 0.535404 0.0287514 -0.154663, 1.07081 0.0394707 -0.33313, 1.47533 0.0354137 -0.356926, 1.89176 0.0332851 -0.440216]
            pointsMonde [36.2866 12.7359 102.594, 36.822 12.7647 102.439, 37.3574 12.7754 102.261, 37.7619 12.7713 102.237, 38.1783 12.7692 102.153]
            typeVegetation 10
            intervalleX 0.5
            intervalleZ 0.5
            aleat 0.1
            nbX 0
            nbZ 0
         }
         DEF Veg_53 IvVegetation
         {
            translation 38.0592 12.7292 103.4141
            largeur 0.15
            hauteur 0.15
            couleur 1.0 0.0 0.0
            typeTexture 23
            points [0 0 0]
            pointsMonde [0 0 0]
            typeVegetation 13
            intervalleX 0.5
            intervalleZ 0.5
            aleat 0.1
            nbX 0
            nbZ 0
         }
         DEF Veg_54 IvVegetation
         {
            translation 62.9 12.9076 88.8
            largeur 0.15
            hauteur 0.15
            couleur 0.0 1.0 0.0
            typeTexture 22
            points [0 0 0, 0.712841 -0.00798607 -0.19603, 1.21183 -0.0272541 -0.392059, 1.79993 -0.0429277 -0.588097, 1.55044 -0.0456371 -1.21183, 0.944519 -0.00324249 -0.908875, 0.427704 0.0221777 -0.695023, -0.178215 0.0279732 -0.445534, -0.409889 0.0468349 -1.03362, 0.19603 0.0402489 -1.30094, 0.6772 0.0129805 -1.56826, 1.24747 -0.0394182 -1.87122]
            pointsMonde [63.1677 12.9079 89.0519, 63.8806 12.8999 88.8559, 64.3795 12.8806 88.6598, 64.9676 12.8649 88.4638, 64.7182 12.8622 87.8401, 64.1122 12.9046 88.143, 63.5954 12.93 88.3569, 62.9895 12.9358 88.6064, 62.7578 12.9547 88.0183, 63.3637 12.9481 87.7509, 63.8449 12.9208 87.4836, 64.4152 12.8684 87.1807]
            typeVegetation 12
            intervalleX 0.5
            intervalleZ 0.5
            aleat 0.1
            nbX 0
            nbZ 0
         }
         DEF Veg_55 IvVegetation
         {
            translation 64.4499 12.8662 99.55
            largeur 0.15
            hauteur 0.15
            couleur 0.0 1.0 0.0
            typeTexture 22
            points [0 0 0, -0.733589 -0.00829411 -0.0715637, -1.4314 -0.0206928 -0.125252, -2.18289 -0.0335646 -0.178925, -3.07752 -0.0267649 -0.268387, -0.0357819 -0.00363922 -0.500992, -0.697807 -0.00967503 -0.554672, -1.48508 -0.0238285 -0.572563, -2.21867 -0.0357828 -0.679916, -3.00595 -0.0286198 -0.733597]
            pointsMonde [64.589 12.8663 99.6733, 63.8554 12.858 99.6017, 63.1576 12.8456 99.548, 62.4061 12.8327 99.4944, 61.5115 12.8395 99.4049, 64.5532 12.8626 99.1723, 63.8912 12.8566 99.1186, 63.1039 12.8424 99.1007, 62.3703 12.8305 98.9934, 61.5831 12.8376 98.9397]
            typeVegetation 12
            intervalleX 0.5
            intervalleZ 0.5
            aleat 0.1
            nbX 0
            nbZ 0
         }
         DEF Veg_58 IvVegetation
         {
            translation 73.6999 13.1041 110.8598
            largeur 0.15
            hauteur 0.15
            couleur 0.0 1.0 0.0
            typeTexture 22
            points [0 0 0, -0.130226 -0.00987625 -0.550972, -0.250443 -0.0185661 -1.1921, -0.601059 -0.00427818 0.140251, -0.71125 -0.0125656 -0.440781, -0.831467 -0.0221167 -1.06187]
            pointsMonde [73.8117 13.1041 110.86, 73.6815 13.0943 110.309, 73.5613 13.0856 109.668, 73.2107 13.0999 111, 73.1005 13.0916 110.419, 72.9802 13.082 109.798]
            typeVegetation 12
            intervalleX 0.5
            intervalleZ 0.5
            aleat 0.1
            nbX 0
            nbZ 0
         }
         DEF Veg_63 IvVegetation
         {
            translation 6.8 13.1639 89.7113
            largeur 0.5
            hauteur 0.6
            couleur 0.6 0.0 0.0
            typeTexture 10
            points [0 0 0, 0.0544643 -0.261487 1.25272, 0.0272322 -0.303844 2.64157, -1.30716 -0.134922 2.61433, -0.816977 -0.0930986 1.17101]
            pointsMonde [6.92158 13.1639 89.7114, 6.97605 12.9024 90.9641, 6.94881 12.8601 92.353, 5.61442 13.029 92.3257, 6.1046 13.0708 90.8824]
            typeVegetation 0
            intervalleX 0.5
            intervalleZ 0.5
            aleat 0.1
            nbX 0
            nbZ 0
         }
         DEF Veg_64 IvVegetation
         {
            translation 6.418 12.9764 95.5848
            largeur 0.3
            hauteur 0.6999
            couleur 0.3 0.3 0.3
            typeTexture 25
            points [0 0 0, 0.428468 -0.0812492 -1.33302, -0.634768 0.0657845 -1.36476]
            pointsMonde [6.41807 12.9764 95.5848, 6.84654 12.8952 94.2518, 5.78331 13.0422 94.2201]
            typeVegetation 15
            intervalleX 0.5
            intervalleZ 0.5
            aleat 0.1
            nbX 0
            nbZ 0
         }
         DEF Veg_65 IvVegetation
         {
            translation 9.1948 12.8631 98.4095
            largeur 0.3
            hauteur 0.6999
            couleur 0.3 0.3 0.3
            typeTexture 25
            points [0 0 0, 2.55494 0.0334082 0.111084]
            pointsMonde [9.19518 12.8631 98.4095, 11.7501 12.8965 98.5206]
            typeVegetation 15
            intervalleX 0.5
            intervalleZ 0.5
            aleat 0.1
            nbX 0
            nbZ 0
         }
         DEF Veg_66 IvVegetation
         {
            translation 10.7903 12.9006 98.2356
            largeur 0.15
            hauteur 0.15
            couleur 1.0 0.0 0.0
            typeTexture 23
            points [0 0 0, -0.111034 -0.0610161 0.799438, -0.866067 -0.0664873 0.75502]
            pointsMonde [10.7906 12.9008 98.2356, 10.6796 12.8398 99.035, 9.92456 12.8343 98.9906]
            typeVegetation 13
            intervalleX 0.5
            intervalleZ 0.5
            aleat 0.1
            nbX 0
            nbZ 0
         }
         DEF Veg_67 IvVegetation
         {
            translation 12.5958 12.9361 87.4822
            largeur 0.3
            hauteur 0.6999
            couleur 0.3 0.3 0.3
            typeTexture 25
            points [0 0 0, -0.565641 -9.53674e-06 -0.119072, -1.32479 0.0305376 -0.223267, -1.97975 0.135839 -0.372116]
            pointsMonde [12.5961 12.9361 87.4825, 12.0305 12.9361 87.3634, 11.2713 12.9667 87.2592, 10.6164 13.072 87.1104]
            typeVegetation 15
            intervalleX 0.5
            intervalleZ 0.5
            aleat 0.1
            nbX 0
            nbZ 0
         }
         DEF Veg_71 IvVegetation
         {
            translation 12.784 12.8837 88.721
            largeur 0.15
            hauteur 0.15
            couleur 0.0 1.0 0.0
            typeTexture 22
            points [0 0 0, -0.445916 -0.0191736 -0.0222931, -3.07682 0.00597954 -0.178375, -2.96534 0.0785227 -0.869537]
            pointsMonde [12.7841 12.8841 88.7213, 12.3382 12.8649 88.699, 9.70728 12.89 88.543, 9.81876 12.9626 87.8518]
            typeVegetation 12
            intervalleX 0.5
            intervalleZ 0.5
            aleat 0.1
            nbX 0
            nbZ 0
         }
         DEF Veg_72 IvVegetation
         {
            translation 11.5417 12.8464 88.6893
            largeur 0.15
            hauteur 0.15
            couleur 1.0 0.0 0.0
            typeTexture 23
            points [0 0 0, 0.0366535 0.00565052 -0.659775, -1.11796 0.0117598 -0.128281, -1.02633 0.0432415 -0.678101]
            pointsMonde [11.5417 12.8464 88.6897, 11.5784 12.8521 88.0299, 10.4238 12.8582 88.5614, 10.5154 12.8897 88.0116]
            typeVegetation 13
            intervalleX 0.5
            intervalleZ 0.5
            aleat 0.1
            nbX 0
            nbZ 0
         }
         DEF Veg_73 IvVegetation
         {
            translation 6.881 12.8936 93.7182
            largeur 0.15
            hauteur 0.15
            couleur 0.0 1.0 0.0
            typeTexture 22
            points [0 0 0, -0.10168 0.020175 1.26082, -0.386384 0.130223 2.76569, -1.0168 0.113692 -0.0203476, -0.732096 0.172592 2.29796, -0.955793 0.205025 1.76923, -1.19983 0.192269 1.01679]
            pointsMonde [6.881 12.8939 93.7187, 6.77932 12.9141 94.9795, 6.49462 13.0241 96.4844, 5.8642 13.0076 93.6984, 6.1489 13.0665 96.0167, 5.92521 13.0989 95.4879, 5.68118 13.0862 94.7355]
            typeVegetation 12
            intervalleX 0.5
            intervalleZ 0.5
            aleat 0.1
            nbX 0
            nbZ 0
         }
         DEF Veg_78 IvVegetation
         {
            translation 61.5559 13.0808 122.1
            largeur 0.15
            hauteur 0.15
            couleur 0.0 0.0 1.0
            typeTexture 24
            points [0 0 0]
            pointsMonde [0 0 0]
            typeVegetation 14
            intervalleX 0.5
            intervalleZ 0.5
            aleat 0.1
            nbX 0
            nbZ 0
         }
         DEF Veg_83 IvVegetation
         {
            translation 5.5553 13.0312 92.6367
            largeur 0.15
            hauteur 0.15
            couleur 0.0 0.0 1.0
            typeTexture 24
            points [0 0 0, 1.36482 -0.162029 0.0209961, 1.44881 -0.155891 -1.30183, 1.49081 -0.100521 -2.09973]
            pointsMonde [5.55545 13.0313 92.6367, 6.92028 12.8692 92.6577, 7.00427 12.8754 91.3349, 7.04626 12.9307 90.537]
            typeVegetation 14
            intervalleX 0.5
            intervalleZ 0.5
            aleat 0.1
            nbX 0
            nbZ 0
         }
         DEF Veg_84 IvVegetation
         {
            translation 8.5352 13.1301 99.8572
            largeur 0.15
            hauteur 0.15
            couleur 0.0 1.0 0.0
            typeTexture 22
            points [0 0 0, -0.667163 -0.0913467 -0.815422, -1.00816 -0.104123 -1.61603, -0.0593033 -0.238676 -1.67532, 0 -0.220001 -0.800598]
            pointsMonde [8.53523 13.1302 99.8575, 7.86807 13.0388 99.0421, 7.52707 13.0261 98.2415, 8.47593 12.8915 98.1822, 8.53523 12.9102 99.0569]
            typeVegetation 12
            intervalleX 0.5
            intervalleZ 0.5
            aleat 0.1
            nbX 0
            nbZ 0
         }
         DEF Veg_85 IvVegetation
         {
            translation 9.1875 12.8463 99.0419
            largeur 0.15
            hauteur 0.15
            couleur 0.0 1.0 0.0
            typeTexture 22
            points [0 0 0, 0.785769 0.0363894 -0.859901, 0.444776 0.0441236 -1.2602, 2.59452 0.00137329 0.0296478, 1.82358 -0.00240231 0, 1.79393 0.0750761 -1.14159, 2.68348 0.0866356 -1.05264]
            pointsMonde [9.18757 12.8463 99.0421, 9.97334 12.8827 98.1822, 9.63235 12.8904 97.7819, 11.7821 12.8477 99.0718, 11.0111 12.8439 99.0421, 10.9815 12.9214 97.9005, 11.871 12.933 97.9895]
            typeVegetation 12
            intervalleX 0.5
            intervalleZ 0.5
            aleat 0.1
            nbX 0
            nbZ 0
         }
         DEF Veg_1 IvVegetation
         {
            translation 25.3988 12.7967 74.6072
            largeur 0.15
            hauteur 0.15
            couleur 0.0 1.0 0.0
            points [0 0 0, 0.797611 0.0255203 -0.0655594]
            pointsMonde [25.3989 12.7969 74.6073, 26.1965 12.8224 74.5418]
            typeVegetation 12
            intervalleX 0.5
            intervalleZ 0.5
            aleat 0.1
            nbX 0
            nbZ 0
         }
         DEF Veg_2 IvVegetation
         {
            translation 21.4773 12.8998 81.2067
            largeur 0.15
            hauteur 0.15
            couleur 0.0 1.0 0.0
            points [0 0 0, -0.863169 -0.0033102 0.218521, -1.10355 -0.0195312 1.32207]
            pointsMonde [21.4774 12.8999 81.2068, 20.6142 12.8965 81.4253, 20.3738 12.8803 82.5288]
            typeVegetation 12
            intervalleX 0.5
            intervalleZ 0.5
            aleat 0.1
            nbX 0
            nbZ 0
         }
         DEF Veg_3 IvVegetation
         {
            translation 29.3878 12.68 77.6447
            largeur 0.15
            hauteur 0.15
            couleur 0.0 0.0 1.0
            points [0 0 0, -1.60615 0.0478058 0.360565, -2.13061 0.0585041 0.469826, -3.64935 0.0732422 0.863174]
            pointsMonde [29.388 12.6801 77.6448, 27.7818 12.7279 78.0054, 27.2573 12.7386 78.1146, 25.7386 12.7533 78.508]
            typeVegetation 14
            intervalleX 0.5
            intervalleZ 0.5
            aleat 0.1
            nbX 0
            nbZ 0
         }
         DEF Veg_20 IvVegetation
         {
            translation 29.3878 12.6263 79.3492
            largeur 0.15
            hauteur 0.15
            couleur 0.0 1.0 0.0
            points [0 0 0, -0.0546303 0.0465899 -1.30022, -0.917799 0.0818148 -1.15818, -0.688351 0.0368118 0.109261, -1.30022 0.0577126 0.207596, -1.54059 0.0935726 -0.98336, -2.06505 0.104438 -0.885025, -1.84653 0.0758362 0.295006, -3.28878 0.090559 0.732056, -3.55101 0.118487 -0.415199, -2.91729 0.11439 -0.63372, -3.03748 0.123132 -0.972435, -3.94436 0.1478 -1.92301, -2.31635 0.12893 -1.91209, -2.44747 0.142083 -2.43655, -0.994284 0.0896187 -1.50782, -0.579088 0.117204 -2.87359]
            pointsMonde [29.388 12.6264 79.3493, 29.3333 12.673 78.0491, 28.4702 12.7082 78.1911, 28.6996 12.6632 79.4586, 28.0877 12.6841 79.5569, 27.8474 12.72 78.366, 27.3229 12.7309 78.4643, 27.5414 12.7023 79.6443, 26.0992 12.717 80.0814, 25.8369 12.7449 78.9341, 26.4707 12.7408 78.7156, 26.3505 12.7495 78.3769, 25.4436 12.7742 77.4263, 27.0716 12.7553 77.4372, 26.9405 12.7685 76.9128, 28.3937 12.716 77.8415, 28.8089 12.7436 76.4757]
            typeVegetation 12
            intervalleX 0.5
            intervalleZ 0.5
            aleat 0.1
            nbX 0
            nbZ 0
         }
         DEF Veg_23 IvVegetation
         {
            translation 29.3878 12.6906 77.3498
            largeur 0.15
            hauteur 0.15
            couleur 1.0 0.0 0.0
            points [0 0 0, -0.535383 0.0214272 0.0327759, -3.36527 0.0839291 -0.131111]
            pointsMonde [29.388 12.6907 77.3498, 28.8526 12.7122 77.3826, 26.0227 12.7747 77.2187]
            typeVegetation 13
            intervalleX 0.5
            intervalleZ 0.5
            aleat 0.1
            nbX 0
            nbZ 0
         }
         DEF Veg_24 IvVegetation
         {
            translation 29.0359 12.7502 64.6426
            largeur 0.15
            hauteur 0.15
            couleur 0.0 1.0 0.0
            points [0 0 0, 0.0218525 -0.00737381 0.404266, 0.0327797 -0.0141306 0.863167, -0.382416 0.030735 0, -0.917801 0.0736141 0.0109253, -1.45318 0.107504 0.0983353, -1.61708 0.101743 0.535378, -1.8356 0.0992346 0.972427, -2.05412 0.0867338 1.68263, -2.20709 0.0829477 2.0432, -2.32728 0.0772057 2.40376, -1.72634 0.0442228 2.36005, -1.13632 0.0188093 2.36005, -0.557236 -0.00610828 2.3382, 0.0764828 -0.033392 2.32728, 0.08741 -0.0334158 1.93393, 0.08741 -0.0329437 1.51874]
            pointsMonde [29.0361 12.7503 64.6427, 29.0579 12.7429 65.0469, 29.0688 12.7361 65.5058, 28.6536 12.781 64.6427, 28.1183 12.8239 64.6536, 27.5829 12.8578 64.741, 27.419 12.852 65.178, 27.2005 12.8495 65.6151, 26.9819 12.837 66.3253, 26.829 12.8332 66.6859, 26.7088 12.8275 67.0464, 27.3097 12.7945 67.0027, 27.8997 12.7691 67.0027, 28.4788 12.7442 66.9809, 29.1125 12.7169 66.9699, 29.1235 12.7169 66.5766, 29.1235 12.7173 66.1614]
            typeVegetation 12
            intervalleX 0.5
            intervalleZ 0.5
            aleat 0.1
            nbX 0
            nbZ 0
         }
         DEF Veg_33 IvVegetation
         {
            translation 26.9162 12.8683 72.2582
            largeur 0.15
            hauteur 0.15
            couleur 0.0 1.0 0.0
            points [0 0 0, 0.0327797 -0.00403976 0.4589, -1.628 -0.00887012 0.655571, -1.68263 0.00254154 0.152969, -2.09783 0.00216293 0.163895, -2.02135 -0.0114765 0.666496, -3.0047 -0.00289822 0.797607, -2.7097 -0.000566483 0.26223, 0.0655575 -0.0124836 0.89595, 0.131115 -0.0166674 1.54059, -1.51874 -0.0174122 1.00521, -1.43133 -0.0347471 1.39855, -1.38763 -0.0520067 1.75912, 0.043705 -0.0160952 1.21281, -1.95579 -0.0312481 1.0817, -1.94486 -0.0462074 1.3767, -1.91208 -0.0655508 1.77004, -3.19045 -0.00610733 1.22373, -3.37619 -0.00693893 1.54059, -3.59472 -0.00787926 1.91209]
            pointsMonde [26.9164 12.8684 72.2582, 26.9492 12.8644 72.7171, 25.2884 12.8595 72.9138, 25.2337 12.871 72.4112, 24.8185 12.8706 72.4221, 24.895 12.8569 72.9247, 23.9117 12.8655 73.0558, 24.2067 12.8679 72.5204, 26.9819 12.8559 73.1542, 27.0475 12.8517 73.7988, 25.3976 12.851 73.2634, 25.485 12.8337 73.6568, 25.5287 12.8164 74.0173, 26.9601 12.8523 73.471, 24.9606 12.8372 73.3399, 24.9715 12.8222 73.6349, 25.0043 12.8029 74.0283, 23.7259 12.8623 73.4819, 23.5402 12.8615 73.7988, 23.3217 12.8605 74.1703]
            typeVegetation 12
            intervalleX 0.5
            intervalleZ 0.5
            aleat 0.1
            nbX 0
            nbZ 0
         }
         DEF Veg_34 IvVegetation
         {
            translation 25.6496 12.9473 126.6214
            largeur 0.15
            hauteur 0.15
            couleur 1.0 0.0 0.0
            points [0 0 0, -0.674988 0.00697708 0.168747]
            pointsMonde [25.6496 12.9474 126.621, 24.9746 12.9544 126.79]
            typeVegetation 13
            intervalleX 0.5
            intervalleZ 0.5
            aleat 0.1
            nbX 0
            nbZ 0
         }
         DEF Veg_35 IvVegetation
         {
            translation 26.8001 12.9476 126.514
            largeur 0.15
            hauteur 0.15
            couleur 0.0 1.0 0.0
            points [0 0 0, -0.521582 -0.000590324 0.0767059, -2.36246 0.018755 0.398857, -3.11415 0.0383749 0.536926, -3.66641 0.0538006 0.674988, -4.11129 0.0870266 -3.60504, -3.49766 0.0840969 -3.72777, -2.79199 0.081048 -3.88117, -2.99142 0.082799 -4.5715, -3.68175 0.0898218 -4.44878, -4.21867 0.0954752 -4.26469, -0.199429 0.0505962 -5.26183, -0.674988 0.0571947 -5.13911, -1.21191 0.0643663 -5.01638, -0.122726 0.0544004 -4.54082, -0.628965 0.0603704 -4.46412, -1.24259 0.0668859 -4.26469, -3.17551 0.0829782 -5.3232, -3.32892 0.0829573 -6.02886, -3.46698 0.0827961 -6.70385, -3.60505 0.0799942 -7.4402, -3.78913 0.0783339 -8.08451, -3.98856 0.0763035 -8.82085, -3.16017 0.0653706 -8.95892, -2.82268 0.0699139 -7.47088, -2.48518 0.074645 -5.90614, 0.582943 0.0419989 -6.56579, 0.168747 0.0356445 -8.31461, 0.920437 0.0469847 -5.21581, -0.245451 0.0300608 -9.84868, -0.628965 0.0255814 -10.9685, -3.75845 0.0600777 -11.4901, -3.62039 0.0617085 -10.8612, -4.4181 0.0708532 -10.539, -4.54082 0.0697308 -11.1219]
            pointsMonde [26.8002 12.9477 126.514, 26.2786 12.9471 126.591, 24.4377 12.9664 126.913, 23.686 12.9861 127.051, 23.1337 13.0015 127.189, 22.6889 13.0347 122.909, 23.3025 13.0318 122.786, 24.0082 13.0287 122.633, 23.8087 13.0305 121.943, 23.1184 13.0375 122.065, 22.5815 13.0432 122.249, 26.6007 12.9983 121.252, 26.1252 13.0049 121.375, 25.5882 13.0121 121.498, 26.6774 13.0021 121.973, 26.1712 13.0081 122.05, 25.5576 13.0146 122.249, 23.6246 13.0307 121.191, 23.4712 13.0306 120.485, 23.3332 13.0305 119.81, 23.1951 13.0277 119.074, 23.011 13.026 118.43, 22.8116 13.024 117.693, 23.64 13.0131 117.555, 23.9775 13.0176 119.043, 24.315 13.0223 120.608, 27.3831 12.9897 119.948, 26.9689 12.9833 118.199, 27.7206 12.9947 121.298, 26.5547 12.9777 116.665, 26.1712 12.9733 115.546, 23.0417 13.0078 115.024, 23.1798 13.0094 115.653, 22.3821 13.0185 115.975, 22.2593 13.0174 115.392]
            typeVegetation 12
            intervalleX 0.5
            intervalleZ 0.5
            aleat 0.1
            nbX 0
            nbZ 0
         }
         DEF Veg_36 IvVegetation
         {
            translation 26.2735 12.975 116.0519
            largeur 0.3
            hauteur 0.6999
            couleur 0.3 0.3 0.3
            points [0 0 0, -1.56868 0.0178814 0.366028, -2.86283 0.0362978 0.732048, -2.52295 0.0407467 2.20922, -2.15693 0.0463324 3.93476, -1.86934 0.0476599 5.15049, -1.72554 0.0475979 5.76488, -0.862772 0.0387859 5.50344, 0.483675 0.00454712 1.085, 0.888916 0.0109272 2.86283, 1.17651 0.0161695 4.37922, 1.52946 0.0212774 5.75182, -0.352953 0.0358562 6.15705, -1.43795 0.0471697 6.44464, -1.30723 0.0330715 7.3597, -1.01964 0.0296545 8.19633, -0.888918 0.00424576 9.25519, 0.222229 0.00666332 8.9676, 0.117651 0.0272741 7.96103, -0.117651 0.0281754 7.05904, 0.784338 -0.0176735 10.0003, -1.60789 -0.00829601 9.90881, -1.79091 0.0174723 8.83688, -2.09157 0.036725 7.77802, -2.22229 0.0500307 6.75838, -4.02627 0.0471811 7.69958, -3.45109 0.0254211 10.1572, -2.47066 0.0550699 5.71259, -2.75826 0.0556278 4.66681, -3.60796 0.046917 1.01964, -4.50994 0.0587893 1.17651, -5.26814 0.0694828 1.45103, -5.07205 0.072772 2.43145, -4.73217 0.0732698 4.06548, -4.35308 0.0734768 5.72567]
            pointsMonde [26.2736 12.9751 116.052, 24.7049 12.993 116.418, 23.4107 13.0114 116.784, 23.7506 13.0158 118.261, 24.1166 13.0214 119.987, 24.4042 13.0227 121.202, 24.548 13.0227 121.817, 25.4108 13.0139 121.555, 26.7572 12.9796 117.137, 27.1625 12.986 118.915, 27.4501 12.9913 120.431, 27.803 12.9964 121.804, 25.9206 13.0109 122.209, 24.8356 13.0223 122.497, 24.9663 13.0082 123.412, 25.2539 13.0047 124.248, 25.3846 12.9793 125.307, 26.4958 12.9818 125.02, 26.3912 13.0024 124.013, 26.1559 13.0033 123.111, 27.0579 12.9574 126.052, 24.6657 12.9668 125.961, 24.4827 12.9926 124.889, 24.182 13.0118 123.83, 24.0513 13.0251 122.81, 22.2473 13.0223 123.752, 22.8225 13.0005 126.209, 23.8029 13.0302 121.765, 23.5153 13.0307 120.719, 22.6656 13.022 117.072, 21.7636 13.0339 117.228, 21.0054 13.0446 117.503, 21.2015 13.0479 118.483, 21.5414 13.0484 120.117, 21.9205 13.0486 121.778]
            typeVegetation 15
            intervalleX 0.5
            intervalleZ 0.5
            aleat 0.1
            nbX 0
            nbZ 0
         }
         DEF Veg_37 IvVegetation
         {
            translation 25.28 12.9764 114.8362
            largeur 0.5
            hauteur 0.6
            couleur 0.6 0.0 0.0
            points [0 0 0, -0.496748 0.00350571 -0.444458, -1.01964 0.00759697 -0.849701, -1.68633 0.0183201 -0.601326, -3.67332 0.0164652 0.156868, -4.31386 0.0153389 0.418312, -4.75832 0.0141268 0.588249, -4.53609 0.062644 1.77783]
            pointsMonde [25.2801 12.9764 114.836, 24.7833 12.9799 114.392, 24.2604 12.984 113.987, 23.5937 12.9947 114.235, 21.6068 12.9929 114.993, 20.9662 12.9917 115.255, 20.5218 12.9905 115.424, 20.744 13.0391 116.614]
            typeVegetation 0
            intervalleX 0.5
            intervalleZ 0.5
            aleat 0.1
            nbX 0
            nbZ 0
         }
         DEF Veg_38 IvVegetation
         {
            translation 25.4107 12.9786 115.4114
            largeur 0.3
            hauteur 0.6999
            couleur 0.3 0.3 0.3
            points [0 0 0, -0.640543 0.00937462 0.196083, -1.45103 0.0205088 0.36602, -2.19615 0.031868 0.549034, -3.00663 0.0408134 0.78434, -3.55567 0.0489683 0.941208, -4.14392 0.0575209 1.085]
            pointsMonde [25.4108 12.9787 115.411, 24.7703 12.9881 115.607, 23.9598 12.9992 115.777, 23.2146 13.0106 115.96, 22.4042 13.0195 116.196, 21.8551 13.0277 116.353, 21.2669 13.0362 116.496]
            typeVegetation 15
            intervalleX 0.5
            intervalleZ 0.5
            aleat 0.1
            nbX 0
            nbZ 0
         }
         DEF Veg_39 IvVegetation
         {
            translation 38.6683 12.7968 102.303
            largeur 0.3
            hauteur 0.6999
            couleur 0.4 0.4 0.4
            points [0 0 0, 0.193058 0.0196724 1.34222, -0.753853 0.00477982 1.63641, -1.73754 -0.034543 1.90302]
            pointsMonde [38.6683 12.7968 102.303, 38.8614 12.8165 103.645, 37.9145 12.8016 103.939, 36.9308 12.7623 104.206]
            typeVegetation 16
            intervalleX 0.5
            intervalleZ 0.5
            aleat 0.1
            nbX 0
            nbZ 0
         }
         DEF Veg_40 IvVegetation
         {
            translation 68.6427 12.9257 101.7777
            largeur 0.15
            hauteur 0.15
            couleur 0.0 1.0 0.0
            points [0 0 0, -0.309402 0.000583649 0.0843811, -0.773506 0.00090313 0.161736, -1.21652 0.00176048 0.260185, -1.69469 0.00215054 0.344566, -1.88455 -0.007658 -0.0773468, -2.03925 -0.0161285 -0.443008, -2.20099 -0.0261717 -0.87899, -2.34163 -0.0346928 -1.25871, -2.4893 -0.0457306 -1.76501, -2.05332 -0.0434875 -1.86346, -1.64547 -0.0413389 -1.94784, -1.13917 -0.0385866 -2.03925, -0.752411 -0.0365324 -2.11661, -0.379723 -0.0346165 -2.20099, -0.316437 -0.0321093 -1.87753, -0.253143 -0.0288305 -1.43451, -0.168762 -0.0240641 -1.04073, -0.119537 -0.0147829 -0.632874, -0.0421906 -0.00802612 -0.330498]
            pointsMonde [68.6427 12.9257 101.778, 68.3333 12.9263 101.862, 67.8692 12.9266 101.939, 67.4262 12.9275 102.038, 66.948 12.9279 102.122, 66.7582 12.918 101.7, 66.6035 12.9096 101.335, 66.4417 12.8995 100.899, 66.3011 12.891 100.519, 66.1534 12.88 100.013, 66.5894 12.8822 99.9143, 66.9973 12.8844 99.8299, 67.5036 12.8871 99.7385, 67.8903 12.8892 99.6612, 68.263 12.8911 99.5768, 68.3263 12.8936 99.9002, 68.3896 12.8969 100.343, 68.474 12.9016 100.737, 68.5232 12.9109 101.145, 68.6005 12.9177 101.447]
            typeVegetation 12
            intervalleX 0.5
            intervalleZ 0.5
            aleat 0.1
            nbX 0
            nbZ 0
         }
         DEF Veg_41 IvVegetation
         {
            translation 62.0469 12.9582 103.2977
            largeur 0.15
            hauteur 0.15
            couleur 0.0 1.0 0.0
            points [0 0 0, -0.775051 0.0107718 0.172234, -0.421013 0.0535402 1.55009, 0.325333 0.0470161 1.36829, -0.755913 0.0655127 1.60751, -1.07167 0.0256681 0.325325, -2.14335 0.0682135 0.593246, -1.79888 0.103752 1.79888]
            pointsMonde [62.0469 12.9582 103.298, 61.2719 12.969 103.47, 61.6259 13.0118 104.848, 62.3722 13.0052 104.666, 61.291 13.0237 104.905, 60.9752 12.9839 103.623, 59.9036 13.0264 103.891, 60.248 13.062 105.097]
            typeVegetation 12
            intervalleX 0.5
            intervalleZ 0.5
            aleat 0.1
            nbX 0
            nbZ 0
         }
         DEF Veg_42 IvVegetation
         {
            translation 62.6543 13.0587 121.7471
            largeur 0.15
            hauteur 0.15
            couleur 1.0 0.0 0.0
            points [0 0 0, -0.78545 -0.0144501 0.274139, -0.215614 0.0410194 -0.807014, -0.286457 0.0536776 -1.05959, -0.498993 0.098917 -1.83887, -1.306 0.0616436 -1.57398, -1.59246 0.048974 -1.4631, -2.43951 0.0107374 -1.21052, -2.23622 -0.00697517 -0.495911, -2.14381 -0.0155296 -0.190971, -1.9128 -0.0344477 0.603714]
            pointsMonde [62.6544 13.0587 121.747, 61.8689 13.0443 122.021, 62.4387 13.0997 120.94, 62.3679 13.1124 120.688, 62.1554 13.1576 119.908, 61.3484 13.1204 120.173, 61.0619 13.1077 120.284, 60.2148 13.0695 120.537, 60.4181 13.0517 121.251, 60.5105 13.0432 121.556, 60.7416 13.0243 122.351]
            typeVegetation 13
            intervalleX 0.5
            intervalleZ 0.5
            aleat 0.1
            nbX 0
            nbZ 0
         }
         DEF Veg_43 IvVegetation
         {
            translation 61.664 13.0749 121.227
            largeur 0.15
            hauteur 0.15
            couleur 0.0 1.0 0.0
            points [0 0 0, 0.0196571 0.00214767 -0.0353851, -0.0589714 0.0154753 -0.326309, -0.503223 0.00150967 -0.235893, -0.322376 -0.0096426 0.117943]
            pointsMonde [61.664 13.0749 121.227, 61.6837 13.0771 121.192, 61.605 13.0904 120.901, 61.1608 13.0764 120.991, 61.3416 13.0653 121.345]
            typeVegetation 12
            intervalleX 0.5
            intervalleZ 0.5
            aleat 0.1
            nbX 0
            nbZ 0
         }
      }
   }
}
